-1.56207 1.119 1.119
-1.54462 1.119 1.119
-1.52716 1.119 1.119
-1.50971 1.119 1.119
-1.49226 1.119 1.119
-1.4748 1.122 1.121
-1.45735 1.121 1.122
-1.4399 1.122 1.122
-1.42244 1.128 1.126
-1.40499 1.135 1.128
-1.38754 1.126 1.135
-1.37008 1.135 1.135
-1.35263 1.135 1.135
-1.33518 1.135 1.135
-1.31772 1.144 1.143
-1.30027 1.143 1.144
-1.28282 1.15 1.15
-1.26536 1.152 1.152
-1.24791 1.161 1.161
-1.23046 1.167 1.167
-1.213 1.176 1.176
-1.19555 1.186 1.186
-1.1781 1.195 1.195
-1.16064 1.195 1.195
-1.14319 1.205 1.205
-1.12574 1.214 1.214
-1.10828 1.222 1.222
-1.09083 1.231 1.231
-1.07338 1.25 1.25
-1.05592 1.258 1.258
-1.03847 1.276 1.276
-1.02102 1.285 1.285
-1.00356 1.293 1.293
-0.986111 1.303 1.303
-0.968658 1.318 1.318
-0.951204 1.337 1.337
-0.933751 1.354 1.354
-0.916298 1.363 1.363
-0.898845 1.381 1.381
-0.881391 1.398 1.381
-0.863938 1.395 1.381
-0.846485 1.372 1.372
-0.829031 1.354 1.354
-0.811578 1.348 1.348
-0.794125 1.34 1.34
-0.776671 1.332 1.332
-0.759218 1.325 1.325
-0.741765 1.316 1.316
-0.724312 1.307 1.307
-0.706858 1.298 1.298
-0.689405 1.288 1.288
-0.671952 1.279 1.279
-0.654498 1.271 1.271
-0.637045 1.266 1.266
-0.619592 1.257 1.258
-0.602139 1.258 1.257
-0.584685 1.251 1.251
-0.567232 1.244 1.246
-0.549779 1.246 1.244
-0.532325 1.239 1.24
-0.514872 1.234 1.239
-0.497419 1.24 1.239
-0.479966 1.237 1.237
-0.462512 1.241 1.237
-0.445059 1.235 1.235
-0.427606 1.229 1.235
-0.410152 1.235 1.235
-0.392699 1.235 1.229
-0.375246 1.228 1.233
-0.357792 1.226 1.23
-0.340339 1.233 1.23
-0.322886 1.23 1.233
-0.305433 1.237 1.237
-0.287979 1.244 1.239
-0.270526 1.239 1.239
-0.253073 1.24 1.239
-0.235619 1.232 1.239
-0.218166 1.238 1.24
-0.200713 1.246 1.245
-0.18326 1.245 1.246
-0.165806 1.253 1.253
-0.148353 1.26 1.258
-0.1309 1.258 1.26
-0.113446 1.272 1.27
-0.095993 1.27 1.272
-0.0785398 7.969 7.941
-0.0610865 7.96 7.941
-0.0436332 7.941 7.941
-0.0261799 7.923 7.923
-0.0087266 7.914 7.914
0.00872672 7.905 7.906
0.0261799 7.906 7.905
0.0436332 7.905 7.905
0.0610865 7.905 7.906
0.0785398 7.914 7.914
0.0959932 7.923 7.923
0.113446 7.923 7.923
0.1309 7.932 7.932
0.148353 7.96 7.96
0.165806 8.002 8.002
0.18326 8.189 8.082
0.200713 8.082 8.183
0.218166 8.187 8.183
0.235619 8.183 8.183
0.253073 8.183 8.183
0.270526 8.183 8.183
0.287979 8.183 8.183
0.305433 8.183 8.183
0.322886 8.183 8.183
0.340339 8.183 8.183
0.357792 7.949 7.949
0.375246 7.542 7.542
0.392699 7.178 7.178
0.410152 1.56 1.56
0.427606 1.498 1.498
0.445059 1.442 1.442
0.462512 1.381 1.381
0.479965 1.337 1.35
0.497419 1.338 1.35
0.514872 1.35 1.35
0.532326 1.359 1.359
0.549779 1.376 1.376
0.567232 1.393 1.393
0.584685 1.401 1.401
0.602139 1.422 1.422
0.619592 4.42 4.202
0.637045 4.302 4.202
0.654499 4.202 4.202
0.671952 4.088 4.088
0.689405 4.028 4.028
0.706858 3.94 3.94
0.724312 3.854 3.854
0.741765 3.777 3.777
0.759218 3.707 3.707
0.776671 3.628 3.628
0.794125 3.564 3.564
0.811578 3.499 3.499
0.829031 3.432 3.432
0.846485 3.367 3.367
0.863938 3.312 3.312
0.881391 3.258 3.258
0.898844 3.214 3.214
0.916298 3.16 3.16
0.933751 3.115 3.115
0.951205 3.069 3.069
0.968658 3 3
0.986111 2.952 2.952
1.00356 2.917 2.917
1.02102 2.884 2.884
1.03847 2.851 2.851
1.05592 2.815 2.815
1.07338 2.79 2.79
1.09083 2.764 2.764
1.10828 2.728 2.728
1.12574 2.702 2.702
1.14319 2.684 2.684
1.16064 2.657 2.657
1.1781 2.629 2.629
1.19555 2.611 2.611
1.213 2.591 2.591
1.23046 2.571 2.571
1.24791 2.553 2.553
1.26536 2.544 2.544
1.28282 2.515 2.533
1.30027 2.533 2.524
1.31772 2.524 2.515
1.33518 2.514 2.514
1.35263 2.504 2.504
1.37008 2.485 2.485
1.38754 2.477 2.477
1.40499 2.466 2.466
1.42244 2.458 2.458
1.4399 2.449 2.449
1.45735 2.448 2.448
1.4748 2.439 2.439
1.49226 2.429 2.429
1.50971 2.429 2.429
1.52716 2.421 2.421
1.54462 2.421 2.421
1.56207 2.41 2.421

-1.56207 1.119 1.119
-1.54462 1.119 1.119
-1.52716 1.119 1.119
-1.50971 1.119 1.119
-1.49226 1.119 1.119
-1.4748 1.122 1.121
-1.45735 1.121 1.122
-1.4399 1.122 1.122
-1.42244 1.128 1.126
-1.40499 1.135 1.128
-1.38754 1.126 1.135
-1.37008 1.135 1.135
-1.35263 1.135 1.135
-1.33518 1.135 1.135
-1.31772 1.144 1.143
-1.30027 1.143 1.144
-1.28282 1.15 1.15
-1.26536 1.152 1.152
-1.24791 1.161 1.161
-1.23046 1.167 1.167
-1.213 1.176 1.176
-1.19555 1.186 1.186
-1.1781 1.195 1.195
-1.16064 1.195 1.195
-1.14319 1.205 1.205
-1.12574 1.214 1.214
-1.10828 1.222 1.222
-1.09083 1.231 1.231
-1.07338 1.25 1.25
-1.05592 1.258 1.258
-1.03847 1.276 1.276
-1.02102 1.285 1.285
-1.00356 1.293 1.293
-0.986111 1.303 1.303
-0.968658 1.318 1.318
-0.951204 1.337 1.337
-0.933751 1.354 1.354
-0.916298 1.363 1.363
-0.898845 1.381 1.381
-0.881391 1.398 1.381
-0.863938 1.395 1.381
-0.846485 1.372 1.372
-0.829031 1.354 1.354
-0.811578 1.348 1.348
-0.794125 1.34 1.34
-0.776671 1.332 1.332
-0.759218 1.325 1.325
-0.741765 1.316 1.316
-0.724312 1.307 1.307
-0.706858 1.298 1.298
-0.689405 1.288 1.288
-0.671952 1.279 1.279
-0.654498 1.271 1.271
-0.637045 1.266 1.266
-0.619592 1.257 1.258
-0.602139 1.258 1.257
-0.584685 1.251 1.251
-0.567232 1.244 1.246
-0.549779 1.246 1.244
-0.532325 1.239 1.24
-0.514872 1.234 1.239
-0.497419 1.24 1.239
-0.479966 1.237 1.237
-0.462512 1.241 1.237
-0.445059 1.235 1.235
-0.427606 1.229 1.235
-0.410152 1.235 1.235
-0.392699 1.235 1.229
-0.375246 1.228 1.233
-0.357792 1.226 1.23
-0.340339 1.233 1.23
-0.322886 1.23 1.233
-0.305433 1.237 1.237
-0.287979 1.244 1.239
-0.270526 1.239 1.239
-0.253073 1.24 1.239
-0.235619 1.232 1.239
-0.218166 1.238 1.24
-0.200713 1.246 1.245
-0.18326 1.245 1.246
-0.165806 1.253 1.253
-0.148353 1.26 1.258
-0.1309 1.258 1.26
-0.113446 1.272 1.27
-0.095993 1.27 1.272
-0.0785398 7.969 7.941
-0.0610865 7.96 7.941
-0.0436332 7.941 7.941
-0.0261799 7.923 7.923
-0.0087266 7.914 7.914
0.00872672 7.905 7.906
0.0261799 7.906 7.905
0.0436332 7.905 7.905
0.0610865 7.905 7.906
0.0785398 7.914 7.914
0.0959932 7.923 7.923
0.113446 7.923 7.923
0.1309 7.932 7.932
0.148353 7.96 7.96
0.165806 8.002 8.002
0.18326 8.189 8.082
0.200713 8.082 8.183
0.218166 8.187 8.183
0.235619 8.183 8.183
0.253073 8.183 8.183
0.270526 8.183 8.183
0.287979 8.183 8.183
0.305433 8.183 8.183
0.322886 8.183 8.183
0.340339 8.183 8.183
0.357792 7.949 7.949
0.375246 7.542 7.542
0.392699 7.178 7.178
0.410152 1.56 1.56
0.427606 1.498 1.498
0.445059 1.442 1.442
0.462512 1.381 1.381
0.479965 1.337 1.35
0.497419 1.338 1.35
0.514872 1.35 1.35
0.532326 1.359 1.359
0.549779 1.376 1.376
0.567232 1.393 1.393
0.584685 1.401 1.401
0.602139 1.422 1.422
0.619592 4.42 4.202
0.637045 4.302 4.202
0.654499 4.202 4.202
0.671952 4.088 4.088
0.689405 4.028 4.028
0.706858 3.94 3.94
0.724312 3.854 3.854
0.741765 3.777 3.777
0.759218 3.707 3.707
0.776671 3.628 3.628
0.794125 3.564 3.564
0.811578 3.499 3.499
0.829031 3.432 3.432
0.846485 3.367 3.367
0.863938 3.312 3.312
0.881391 3.258 3.258
0.898844 3.214 3.214
0.916298 3.16 3.16
0.933751 3.115 3.115
0.951205 3.069 3.069
0.968658 3 3
0.986111 2.952 2.952
1.00356 2.917 2.917
1.02102 2.884 2.884
1.03847 2.851 2.851
1.05592 2.815 2.815
1.07338 2.79 2.79
1.09083 2.764 2.764
1.10828 2.728 2.728
1.12574 2.702 2.702
1.14319 2.684 2.684
1.16064 2.657 2.657
1.1781 2.629 2.629
1.19555 2.611 2.611
1.213 2.591 2.591
1.23046 2.571 2.571
1.24791 2.553 2.553
1.26536 2.544 2.544
1.28282 2.515 2.533
1.30027 2.533 2.524
1.31772 2.524 2.515
1.33518 2.514 2.514
1.35263 2.504 2.504
1.37008 2.485 2.485
1.38754 2.477 2.477
1.40499 2.466 2.466
1.42244 2.458 2.458
1.4399 2.449 2.449
1.45735 2.448 2.448
1.4748 2.439 2.439
1.49226 2.429 2.429
1.50971 2.429 2.429
1.52716 2.421 2.421
1.54462 2.421 2.421
1.56207 2.41 2.421

-1.56207 1.119 1.119
-1.54462 1.119 1.119
-1.52716 1.119 1.119
-1.50971 1.119 1.119
-1.49226 1.119 1.119
-1.4748 1.122 1.121
-1.45735 1.121 1.122
-1.4399 1.122 1.122
-1.42244 1.128 1.126
-1.40499 1.135 1.128
-1.38754 1.126 1.135
-1.37008 1.135 1.135
-1.35263 1.135 1.135
-1.33518 1.135 1.135
-1.31772 1.144 1.143
-1.30027 1.143 1.144
-1.28282 1.15 1.15
-1.26536 1.152 1.152
-1.24791 1.161 1.161
-1.23046 1.167 1.167
-1.213 1.176 1.176
-1.19555 1.186 1.186
-1.1781 1.195 1.195
-1.16064 1.195 1.195
-1.14319 1.205 1.205
-1.12574 1.214 1.214
-1.10828 1.222 1.222
-1.09083 1.231 1.231
-1.07338 1.25 1.25
-1.05592 1.258 1.258
-1.03847 1.276 1.276
-1.02102 1.285 1.285
-1.00356 1.293 1.293
-0.986111 1.303 1.303
-0.968658 1.318 1.318
-0.951204 1.337 1.337
-0.933751 1.354 1.354
-0.916298 1.363 1.363
-0.898845 1.381 1.381
-0.881391 1.398 1.381
-0.863938 1.395 1.381
-0.846485 1.372 1.372
-0.829031 1.354 1.354
-0.811578 1.348 1.348
-0.794125 1.34 1.34
-0.776671 1.332 1.332
-0.759218 1.325 1.325
-0.741765 1.316 1.316
-0.724312 1.307 1.307
-0.706858 1.298 1.298
-0.689405 1.288 1.288
-0.671952 1.279 1.279
-0.654498 1.271 1.271
-0.637045 1.266 1.266
-0.619592 1.257 1.258
-0.602139 1.258 1.257
-0.584685 1.251 1.251
-0.567232 1.244 1.246
-0.549779 1.246 1.244
-0.532325 1.239 1.24
-0.514872 1.234 1.239
-0.497419 1.24 1.239
-0.479966 1.237 1.237
-0.462512 1.241 1.237
-0.445059 1.235 1.235
-0.427606 1.229 1.235
-0.410152 1.235 1.235
-0.392699 1.235 1.229
-0.375246 1.228 1.233
-0.357792 1.226 1.23
-0.340339 1.233 1.23
-0.322886 1.23 1.233
-0.305433 1.237 1.237
-0.287979 1.244 1.239
-0.270526 1.239 1.239
-0.253073 1.24 1.239
-0.235619 1.232 1.239
-0.218166 1.238 1.24
-0.200713 1.246 1.245
-0.18326 1.245 1.246
-0.165806 1.253 1.253
-0.148353 1.26 1.258
-0.1309 1.258 1.26
-0.113446 1.272 1.27
-0.095993 1.27 1.272
-0.0785398 7.969 7.941
-0.0610865 7.96 7.941
-0.0436332 7.941 7.941
-0.0261799 7.923 7.923
-0.0087266 7.914 7.914
0.00872672 7.905 7.906
0.0261799 7.906 7.905
0.0436332 7.905 7.905
0.0610865 7.905 7.906
0.0785398 7.914 7.914
0.0959932 7.923 7.923
0.113446 7.923 7.923
0.1309 7.932 7.932
0.148353 7.96 7.96
0.165806 8.002 8.002
0.18326 8.189 8.082
0.200713 8.082 8.183
0.218166 8.187 8.183
0.235619 8.183 8.183
0.253073 8.183 8.183
0.270526 8.183 8.183
0.287979 8.183 8.183
0.305433 8.183 8.183
0.322886 8.183 8.183
0.340339 8.183 8.183
0.357792 7.949 7.949
0.375246 7.542 7.542
0.392699 7.178 7.178
0.410152 1.56 1.56
0.427606 1.498 1.498
0.445059 1.442 1.442
0.462512 1.381 1.381
0.479965 1.337 1.35
0.497419 1.338 1.35
0.514872 1.35 1.35
0.532326 1.359 1.359
0.549779 1.376 1.376
0.567232 1.393 1.393
0.584685 1.401 1.401
0.602139 1.422 1.422
0.619592 4.42 4.202
0.637045 4.302 4.202
0.654499 4.202 4.202
0.671952 4.088 4.088
0.689405 4.028 4.028
0.706858 3.94 3.94
0.724312 3.854 3.854
0.741765 3.777 3.777
0.759218 3.707 3.707
0.776671 3.628 3.628
0.794125 3.564 3.564
0.811578 3.499 3.499
0.829031 3.432 3.432
0.846485 3.367 3.367
0.863938 3.312 3.312
0.881391 3.258 3.258
0.898844 3.214 3.214
0.916298 3.16 3.16
0.933751 3.115 3.115
0.951205 3.069 3.069
0.968658 3 3
0.986111 2.952 2.952
1.00356 2.917 2.917
1.02102 2.884 2.884
1.03847 2.851 2.851
1.05592 2.815 2.815
1.07338 2.79 2.79
1.09083 2.764 2.764
1.10828 2.728 2.728
1.12574 2.702 2.702
1.14319 2.684 2.684
1.16064 2.657 2.657
1.1781 2.629 2.629
1.19555 2.611 2.611
1.213 2.591 2.591
1.23046 2.571 2.571
1.24791 2.553 2.553
1.26536 2.544 2.544
1.28282 2.515 2.533
1.30027 2.533 2.524
1.31772 2.524 2.515
1.33518 2.514 2.514
1.35263 2.504 2.504
1.37008 2.485 2.485
1.38754 2.477 2.477
1.40499 2.466 2.466
1.42244 2.458 2.458
1.4399 2.449 2.449
1.45735 2.448 2.448
1.4748 2.439 2.439
1.49226 2.429 2.429
1.50971 2.429 2.429
1.52716 2.421 2.421
1.54462 2.421 2.421
1.56207 2.41 2.421

-1.56207 1.119 1.119
-1.54462 1.119 1.119
-1.52716 1.119 1.119
-1.50971 1.119 1.119
-1.49226 1.119 1.119
-1.4748 1.122 1.121
-1.45735 1.121 1.122
-1.4399 1.122 1.122
-1.42244 1.128 1.126
-1.40499 1.135 1.128
-1.38754 1.126 1.135
-1.37008 1.135 1.135
-1.35263 1.135 1.135
-1.33518 1.135 1.135
-1.31772 1.144 1.143
-1.30027 1.143 1.144
-1.28282 1.15 1.15
-1.26536 1.152 1.152
-1.24791 1.161 1.161
-1.23046 1.167 1.167
-1.213 1.176 1.176
-1.19555 1.186 1.186
-1.1781 1.195 1.195
-1.16064 1.195 1.195
-1.14319 1.205 1.205
-1.12574 1.214 1.214
-1.10828 1.222 1.222
-1.09083 1.231 1.231
-1.07338 1.25 1.25
-1.05592 1.258 1.258
-1.03847 1.276 1.276
-1.02102 1.285 1.285
-1.00356 1.293 1.293
-0.986111 1.303 1.303
-0.968658 1.318 1.318
-0.951204 1.337 1.337
-0.933751 1.354 1.354
-0.916298 1.363 1.363
-0.898845 1.381 1.381
-0.881391 1.398 1.381
-0.863938 1.395 1.381
-0.846485 1.372 1.372
-0.829031 1.354 1.354
-0.811578 1.348 1.348
-0.794125 1.34 1.34
-0.776671 1.332 1.332
-0.759218 1.325 1.325
-0.741765 1.316 1.316
-0.724312 1.307 1.307
-0.706858 1.298 1.298
-0.689405 1.288 1.288
-0.671952 1.279 1.279
-0.654498 1.271 1.271
-0.637045 1.266 1.266
-0.619592 1.257 1.258
-0.602139 1.258 1.257
-0.584685 1.251 1.251
-0.567232 1.244 1.246
-0.549779 1.246 1.244
-0.532325 1.239 1.24
-0.514872 1.234 1.239
-0.497419 1.24 1.239
-0.479966 1.237 1.237
-0.462512 1.241 1.237
-0.445059 1.235 1.235
-0.427606 1.229 1.235
-0.410152 1.235 1.235
-0.392699 1.235 1.229
-0.375246 1.228 1.233
-0.357792 1.226 1.23
-0.340339 1.233 1.23
-0.322886 1.23 1.233
-0.305433 1.237 1.237
-0.287979 1.244 1.239
-0.270526 1.239 1.239
-0.253073 1.24 1.239
-0.235619 1.232 1.239
-0.218166 1.238 1.24
-0.200713 1.246 1.245
-0.18326 1.245 1.246
-0.165806 1.253 1.253
-0.148353 1.26 1.258
-0.1309 1.258 1.26
-0.113446 1.272 1.27
-0.095993 1.27 1.272
-0.0785398 7.969 7.941
-0.0610865 7.96 7.941
-0.0436332 7.941 7.941
-0.0261799 7.923 7.923
-0.0087266 7.914 7.914
0.00872672 7.905 7.906
0.0261799 7.906 7.905
0.0436332 7.905 7.905
0.0610865 7.905 7.906
0.0785398 7.914 7.914
0.0959932 7.923 7.923
0.113446 7.923 7.923
0.1309 7.932 7.932
0.148353 7.96 7.96
0.165806 8.002 8.002
0.18326 8.189 8.082
0.200713 8.082 8.183
0.218166 8.187 8.183
0.235619 8.183 8.183
0.253073 8.183 8.183
0.270526 8.183 8.183
0.287979 8.183 8.183
0.305433 8.183 8.183
0.322886 8.183 8.183
0.340339 8.183 8.183
0.357792 7.949 7.949
0.375246 7.542 7.542
0.392699 7.178 7.178
0.410152 1.56 1.56
0.427606 1.498 1.498
0.445059 1.442 1.442
0.462512 1.381 1.381
0.479965 1.337 1.35
0.497419 1.338 1.35
0.514872 1.35 1.35
0.532326 1.359 1.359
0.549779 1.376 1.376
0.567232 1.393 1.393
0.584685 1.401 1.401
0.602139 1.422 1.422
0.619592 4.42 4.202
0.637045 4.302 4.202
0.654499 4.202 4.202
0.671952 4.088 4.088
0.689405 4.028 4.028
0.706858 3.94 3.94
0.724312 3.854 3.854
0.741765 3.777 3.777
0.759218 3.707 3.707
0.776671 3.628 3.628
0.794125 3.564 3.564
0.811578 3.499 3.499
0.829031 3.432 3.432
0.846485 3.367 3.367
0.863938 3.312 3.312
0.881391 3.258 3.258
0.898844 3.214 3.214
0.916298 3.16 3.16
0.933751 3.115 3.115
0.951205 3.069 3.069
0.968658 3 3
0.986111 2.952 2.952
1.00356 2.917 2.917
1.02102 2.884 2.884
1.03847 2.851 2.851
1.05592 2.815 2.815
1.07338 2.79 2.79
1.09083 2.764 2.764
1.10828 2.728 2.728
1.12574 2.702 2.702
1.14319 2.684 2.684
1.16064 2.657 2.657
1.1781 2.629 2.629
1.19555 2.611 2.611
1.213 2.591 2.591
1.23046 2.571 2.571
1.24791 2.553 2.553
1.26536 2.544 2.544
1.28282 2.515 2.533
1.30027 2.533 2.524
1.31772 2.524 2.515
1.33518 2.514 2.514
1.35263 2.504 2.504
1.37008 2.485 2.485
1.38754 2.477 2.477
1.40499 2.466 2.466
1.42244 2.458 2.458
1.4399 2.449 2.449
1.45735 2.448 2.448
1.4748 2.439 2.439
1.49226 2.429 2.429
1.50971 2.429 2.429
1.52716 2.421 2.421
1.54462 2.421 2.421
1.56207 2.41 2.421

-1.56207 1.119 1.119
-1.54462 1.119 1.119
-1.52716 1.119 1.119
-1.50971 1.119 1.119
-1.49226 1.119 1.119
-1.4748 1.122 1.121
-1.45735 1.121 1.122
-1.4399 1.122 1.122
-1.42244 1.128 1.126
-1.40499 1.135 1.128
-1.38754 1.126 1.135
-1.37008 1.135 1.135
-1.35263 1.135 1.135
-1.33518 1.135 1.135
-1.31772 1.144 1.143
-1.30027 1.143 1.144
-1.28282 1.15 1.15
-1.26536 1.152 1.152
-1.24791 1.161 1.161
-1.23046 1.167 1.167
-1.213 1.176 1.176
-1.19555 1.186 1.186
-1.1781 1.195 1.195
-1.16064 1.195 1.195
-1.14319 1.205 1.205
-1.12574 1.214 1.214
-1.10828 1.222 1.222
-1.09083 1.231 1.231
-1.07338 1.25 1.25
-1.05592 1.258 1.258
-1.03847 1.276 1.276
-1.02102 1.285 1.285
-1.00356 1.293 1.293
-0.986111 1.303 1.303
-0.968658 1.318 1.318
-0.951204 1.337 1.337
-0.933751 1.354 1.354
-0.916298 1.363 1.363
-0.898845 1.381 1.381
-0.881391 1.398 1.381
-0.863938 1.395 1.381
-0.846485 1.372 1.372
-0.829031 1.354 1.354
-0.811578 1.348 1.348
-0.794125 1.34 1.34
-0.776671 1.332 1.332
-0.759218 1.325 1.325
-0.741765 1.316 1.316
-0.724312 1.307 1.307
-0.706858 1.298 1.298
-0.689405 1.288 1.288
-0.671952 1.279 1.279
-0.654498 1.271 1.271
-0.637045 1.266 1.266
-0.619592 1.257 1.258
-0.602139 1.258 1.257
-0.584685 1.251 1.251
-0.567232 1.244 1.246
-0.549779 1.246 1.244
-0.532325 1.239 1.24
-0.514872 1.234 1.239
-0.497419 1.24 1.239
-0.479966 1.237 1.237
-0.462512 1.241 1.237
-0.445059 1.235 1.235
-0.427606 1.229 1.235
-0.410152 1.235 1.235
-0.392699 1.235 1.229
-0.375246 1.228 1.233
-0.357792 1.226 1.23
-0.340339 1.233 1.23
-0.322886 1.23 1.233
-0.305433 1.237 1.237
-0.287979 1.244 1.239
-0.270526 1.239 1.239
-0.253073 1.24 1.239
-0.235619 1.232 1.239
-0.218166 1.238 1.24
-0.200713 1.246 1.245
-0.18326 1.245 1.246
-0.165806 1.253 1.253
-0.148353 1.26 1.258
-0.1309 1.258 1.26
-0.113446 1.272 1.27
-0.095993 1.27 1.272
-0.0785398 7.969 7.941
-0.0610865 7.96 7.941
-0.0436332 7.941 7.941
-0.0261799 7.923 7.923
-0.0087266 7.914 7.914
0.00872672 7.905 7.906
0.0261799 7.906 7.905
0.0436332 7.905 7.905
0.0610865 7.905 7.906
0.0785398 7.914 7.914
0.0959932 7.923 7.923
0.113446 7.923 7.923
0.1309 7.932 7.932
0.148353 7.96 7.96
0.165806 8.002 8.002
0.18326 8.189 8.082
0.200713 8.082 8.183
0.218166 8.187 8.183
0.235619 8.183 8.183
0.253073 8.183 8.183
0.270526 8.183 8.183
0.287979 8.183 8.183
0.305433 8.183 8.183
0.322886 8.183 8.183
0.340339 8.183 8.183
0.357792 7.949 7.949
0.375246 7.542 7.542
0.392699 7.178 7.178
0.410152 1.56 1.56
0.427606 1.498 1.498
0.445059 1.442 1.442
0.462512 1.381 1.381
0.479965 1.337 1.35
0.497419 1.338 1.35
0.514872 1.35 1.35
0.532326 1.359 1.359
0.549779 1.376 1.376
0.567232 1.393 1.393
0.584685 1.401 1.401
0.602139 1.422 1.422
0.619592 4.42 4.202
0.637045 4.302 4.202
0.654499 4.202 4.202
0.671952 4.088 4.088
0.689405 4.028 4.028
0.706858 3.94 3.94
0.724312 3.854 3.854
0.741765 3.777 3.777
0.759218 3.707 3.707
0.776671 3.628 3.628
0.794125 3.564 3.564
0.811578 3.499 3.499
0.829031 3.432 3.432
0.846485 3.367 3.367
0.863938 3.312 3.312
0.881391 3.258 3.258
0.898844 3.214 3.214
0.916298 3.16 3.16
0.933751 3.115 3.115
0.951205 3.069 3.069
0.968658 3 3
0.986111 2.952 2.952
1.00356 2.917 2.917
1.02102 2.884 2.884
1.03847 2.851 2.851
1.05592 2.815 2.815
1.07338 2.79 2.79
1.09083 2.764 2.764
1.10828 2.728 2.728
1.12574 2.702 2.702
1.14319 2.684 2.684
1.16064 2.657 2.657
1.1781 2.629 2.629
1.19555 2.611 2.611
1.213 2.591 2.591
1.23046 2.571 2.571
1.24791 2.553 2.553
1.26536 2.544 2.544
1.28282 2.515 2.533
1.30027 2.533 2.524
1.31772 2.524 2.515
1.33518 2.514 2.514
1.35263 2.504 2.504
1.37008 2.485 2.485
1.38754 2.477 2.477
1.40499 2.466 2.466
1.42244 2.458 2.458
1.4399 2.449 2.449
1.45735 2.448 2.448
1.4748 2.439 2.439
1.49226 2.429 2.429
1.50971 2.429 2.429
1.52716 2.421 2.421
1.54462 2.421 2.421
1.56207 2.41 2.421

-1.56207 1.119 1.119
-1.54462 1.119 1.119
-1.52716 1.119 1.119
-1.50971 1.119 1.119
-1.49226 1.119 1.119
-1.4748 1.122 1.121
-1.45735 1.121 1.122
-1.4399 1.122 1.122
-1.42244 1.128 1.126
-1.40499 1.135 1.128
-1.38754 1.126 1.135
-1.37008 1.135 1.135
-1.35263 1.135 1.135
-1.33518 1.135 1.135
-1.31772 1.144 1.143
-1.30027 1.143 1.144
-1.28282 1.15 1.15
-1.26536 1.152 1.152
-1.24791 1.161 1.161
-1.23046 1.167 1.167
-1.213 1.176 1.176
-1.19555 1.186 1.186
-1.1781 1.195 1.195
-1.16064 1.195 1.195
-1.14319 1.205 1.205
-1.12574 1.214 1.214
-1.10828 1.222 1.222
-1.09083 1.231 1.231
-1.07338 1.25 1.25
-1.05592 1.258 1.258
-1.03847 1.276 1.276
-1.02102 1.285 1.285
-1.00356 1.293 1.293
-0.986111 1.303 1.303
-0.968658 1.318 1.318
-0.951204 1.337 1.337
-0.933751 1.354 1.354
-0.916298 1.363 1.363
-0.898845 1.381 1.381
-0.881391 1.398 1.381
-0.863938 1.395 1.381
-0.846485 1.372 1.372
-0.829031 1.354 1.354
-0.811578 1.348 1.348
-0.794125 1.34 1.34
-0.776671 1.332 1.332
-0.759218 1.325 1.325
-0.741765 1.316 1.316
-0.724312 1.307 1.307
-0.706858 1.298 1.298
-0.689405 1.288 1.288
-0.671952 1.279 1.279
-0.654498 1.271 1.271
-0.637045 1.266 1.266
-0.619592 1.257 1.258
-0.602139 1.258 1.257
-0.584685 1.251 1.251
-0.567232 1.244 1.246
-0.549779 1.246 1.244
-0.532325 1.239 1.24
-0.514872 1.234 1.239
-0.497419 1.24 1.239
-0.479966 1.237 1.237
-0.462512 1.241 1.237
-0.445059 1.235 1.235
-0.427606 1.229 1.235
-0.410152 1.235 1.235
-0.392699 1.235 1.229
-0.375246 1.228 1.233
-0.357792 1.226 1.23
-0.340339 1.233 1.23
-0.322886 1.23 1.233
-0.305433 1.237 1.237
-0.287979 1.244 1.239
-0.270526 1.239 1.239
-0.253073 1.24 1.239
-0.235619 1.232 1.239
-0.218166 1.238 1.24
-0.200713 1.246 1.245
-0.18326 1.245 1.246
-0.165806 1.253 1.253
-0.148353 1.26 1.258
-0.1309 1.258 1.26
-0.113446 1.272 1.27
-0.095993 1.27 1.272
-0.0785398 7.969 7.941
-0.0610865 7.96 7.941
-0.0436332 7.941 7.941
-0.0261799 7.923 7.923
-0.0087266 7.914 7.914
0.00872672 7.905 7.906
0.0261799 7.906 7.905
0.0436332 7.905 7.905
0.0610865 7.905 7.906
0.0785398 7.914 7.914
0.0959932 7.923 7.923
0.113446 7.923 7.923
0.1309 7.932 7.932
0.148353 7.96 7.96
0.165806 8.002 8.002
0.18326 8.189 8.082
0.200713 8.082 8.183
0.218166 8.187 8.183
0.235619 8.183 8.183
0.253073 8.183 8.183
0.270526 8.183 8.183
0.287979 8.183 8.183
0.305433 8.183 8.183
0.322886 8.183 8.183
0.340339 8.183 8.183
0.357792 7.949 7.949
0.375246 7.542 7.542
0.392699 7.178 7.178
0.410152 1.56 1.56
0.427606 1.498 1.498
0.445059 1.442 1.442
0.462512 1.381 1.381
0.479965 1.337 1.35
0.497419 1.338 1.35
0.514872 1.35 1.35
0.532326 1.359 1.359
0.549779 1.376 1.376
0.567232 1.393 1.393
0.584685 1.401 1.401
0.602139 1.422 1.422
0.619592 4.42 4.202
0.637045 4.302 4.202
0.654499 4.202 4.202
0.671952 4.088 4.088
0.689405 4.028 4.028
0.706858 3.94 3.94
0.724312 3.854 3.854
0.741765 3.777 3.777
0.759218 3.707 3.707
0.776671 3.628 3.628
0.794125 3.564 3.564
0.811578 3.499 3.499
0.829031 3.432 3.432
0.846485 3.367 3.367
0.863938 3.312 3.312
0.881391 3.258 3.258
0.898844 3.214 3.214
0.916298 3.16 3.16
0.933751 3.115 3.115
0.951205 3.069 3.069
0.968658 3 3
0.986111 2.952 2.952
1.00356 2.917 2.917
1.02102 2.884 2.884
1.03847 2.851 2.851
1.05592 2.815 2.815
1.07338 2.79 2.79
1.09083 2.764 2.764
1.10828 2.728 2.728
1.12574 2.702 2.702
1.14319 2.684 2.684
1.16064 2.657 2.657
1.1781 2.629 2.629
1.19555 2.611 2.611
1.213 2.591 2.591
1.23046 2.571 2.571
1.24791 2.553 2.553
1.26536 2.544 2.544
1.28282 2.515 2.533
1.30027 2.533 2.524
1.31772 2.524 2.515
1.33518 2.514 2.514
1.35263 2.504 2.504
1.37008 2.485 2.485
1.38754 2.477 2.477
1.40499 2.466 2.466
1.42244 2.458 2.458
1.4399 2.449 2.449
1.45735 2.448 2.448
1.4748 2.439 2.439
1.49226 2.429 2.429
1.50971 2.429 2.429
1.52716 2.421 2.421
1.54462 2.421 2.421
1.56207 2.41 2.421

-1.56207 1.119 1.119
-1.54462 1.119 1.119
-1.52716 1.119 1.119
-1.50971 1.119 1.119
-1.49226 1.119 1.119
-1.4748 1.122 1.121
-1.45735 1.121 1.122
-1.4399 1.122 1.122
-1.42244 1.128 1.126
-1.40499 1.135 1.128
-1.38754 1.126 1.135
-1.37008 1.135 1.135
-1.35263 1.135 1.135
-1.33518 1.135 1.135
-1.31772 1.144 1.143
-1.30027 1.143 1.144
-1.28282 1.15 1.15
-1.26536 1.152 1.152
-1.24791 1.161 1.161
-1.23046 1.167 1.167
-1.213 1.176 1.176
-1.19555 1.186 1.186
-1.1781 1.195 1.195
-1.16064 1.195 1.195
-1.14319 1.205 1.205
-1.12574 1.214 1.214
-1.10828 1.222 1.222
-1.09083 1.231 1.231
-1.07338 1.25 1.25
-1.05592 1.258 1.258
-1.03847 1.276 1.276
-1.02102 1.285 1.285
-1.00356 1.293 1.293
-0.986111 1.303 1.303
-0.968658 1.318 1.318
-0.951204 1.337 1.337
-0.933751 1.354 1.354
-0.916298 1.363 1.363
-0.898845 1.381 1.381
-0.881391 1.398 1.381
-0.863938 1.395 1.381
-0.846485 1.372 1.372
-0.829031 1.354 1.354
-0.811578 1.348 1.348
-0.794125 1.34 1.34
-0.776671 1.332 1.332
-0.759218 1.325 1.325
-0.741765 1.316 1.316
-0.724312 1.307 1.307
-0.706858 1.298 1.298
-0.689405 1.288 1.288
-0.671952 1.279 1.279
-0.654498 1.271 1.271
-0.637045 1.266 1.266
-0.619592 1.257 1.258
-0.602139 1.258 1.257
-0.584685 1.251 1.251
-0.567232 1.244 1.246
-0.549779 1.246 1.244
-0.532325 1.239 1.24
-0.514872 1.234 1.239
-0.497419 1.24 1.239
-0.479966 1.237 1.237
-0.462512 1.241 1.237
-0.445059 1.235 1.235
-0.427606 1.229 1.235
-0.410152 1.235 1.235
-0.392699 1.235 1.229
-0.375246 1.228 1.233
-0.357792 1.226 1.23
-0.340339 1.233 1.23
-0.322886 1.23 1.233
-0.305433 1.237 1.237
-0.287979 1.244 1.239
-0.270526 1.239 1.239
-0.253073 1.24 1.239
-0.235619 1.232 1.239
-0.218166 1.238 1.24
-0.200713 1.246 1.245
-0.18326 1.245 1.246
-0.165806 1.253 1.253
-0.148353 1.26 1.258
-0.1309 1.258 1.26
-0.113446 1.272 1.27
-0.095993 1.27 1.272
-0.0785398 7.969 7.941
-0.0610865 7.96 7.941
-0.0436332 7.941 7.941
-0.0261799 7.923 7.923
-0.0087266 7.914 7.914
0.00872672 7.905 7.906
0.0261799 7.906 7.905
0.0436332 7.905 7.905
0.0610865 7.905 7.906
0.0785398 7.914 7.914
0.0959932 7.923 7.923
0.113446 7.923 7.923
0.1309 7.932 7.932
0.148353 7.96 7.96
0.165806 8.002 8.002
0.18326 8.189 8.082
0.200713 8.082 8.183
0.218166 8.187 8.183
0.235619 8.183 8.183
0.253073 8.183 8.183
0.270526 8.183 8.183
0.287979 8.183 8.183
0.305433 8.183 8.183
0.322886 8.183 8.183
0.340339 8.183 8.183
0.357792 7.949 7.949
0.375246 7.542 7.542
0.392699 7.178 7.178
0.410152 1.56 1.56
0.427606 1.498 1.498
0.445059 1.442 1.442
0.462512 1.381 1.381
0.479965 1.337 1.35
0.497419 1.338 1.35
0.514872 1.35 1.35
0.532326 1.359 1.359
0.549779 1.376 1.376
0.567232 1.393 1.393
0.584685 1.401 1.401
0.602139 1.422 1.422
0.619592 4.42 4.202
0.637045 4.302 4.202
0.654499 4.202 4.202
0.671952 4.088 4.088
0.689405 4.028 4.028
0.706858 3.94 3.94
0.724312 3.854 3.854
0.741765 3.777 3.777
0.759218 3.707 3.707
0.776671 3.628 3.628
0.794125 3.564 3.564
0.811578 3.499 3.499
0.829031 3.432 3.432
0.846485 3.367 3.367
0.863938 3.312 3.312
0.881391 3.258 3.258
0.898844 3.214 3.214
0.916298 3.16 3.16
0.933751 3.115 3.115
0.951205 3.069 3.069
0.968658 3 3
0.986111 2.952 2.952
1.00356 2.917 2.917
1.02102 2.884 2.884
1.03847 2.851 2.851
1.05592 2.815 2.815
1.07338 2.79 2.79
1.09083 2.764 2.764
1.10828 2.728 2.728
1.12574 2.702 2.702
1.14319 2.684 2.684
1.16064 2.657 2.657
1.1781 2.629 2.629
1.19555 2.611 2.611
1.213 2.591 2.591
1.23046 2.571 2.571
1.24791 2.553 2.553
1.26536 2.544 2.544
1.28282 2.515 2.533
1.30027 2.533 2.524
1.31772 2.524 2.515
1.33518 2.514 2.514
1.35263 2.504 2.504
1.37008 2.485 2.485
1.38754 2.477 2.477
1.40499 2.466 2.466
1.42244 2.458 2.458
1.4399 2.449 2.449
1.45735 2.448 2.448
1.4748 2.439 2.439
1.49226 2.429 2.429
1.50971 2.429 2.429
1.52716 2.421 2.421
1.54462 2.421 2.421
1.56207 2.41 2.421

-1.56207 1.119 1.119
-1.54462 1.119 1.119
-1.52716 1.119 1.119
-1.50971 1.119 1.119
-1.49226 1.119 1.119
-1.4748 1.122 1.121
-1.45735 1.121 1.122
-1.4399 1.122 1.122
-1.42244 1.128 1.126
-1.40499 1.135 1.128
-1.38754 1.126 1.135
-1.37008 1.135 1.135
-1.35263 1.135 1.135
-1.33518 1.135 1.135
-1.31772 1.144 1.143
-1.30027 1.143 1.144
-1.28282 1.15 1.15
-1.26536 1.152 1.152
-1.24791 1.161 1.161
-1.23046 1.167 1.167
-1.213 1.176 1.176
-1.19555 1.186 1.186
-1.1781 1.195 1.195
-1.16064 1.195 1.195
-1.14319 1.205 1.205
-1.12574 1.214 1.214
-1.10828 1.222 1.222
-1.09083 1.231 1.231
-1.07338 1.25 1.25
-1.05592 1.258 1.258
-1.03847 1.276 1.276
-1.02102 1.285 1.285
-1.00356 1.293 1.293
-0.986111 1.303 1.303
-0.968658 1.318 1.318
-0.951204 1.337 1.337
-0.933751 1.354 1.354
-0.916298 1.363 1.363
-0.898845 1.381 1.381
-0.881391 1.398 1.381
-0.863938 1.395 1.381
-0.846485 1.372 1.372
-0.829031 1.354 1.354
-0.811578 1.348 1.348
-0.794125 1.34 1.34
-0.776671 1.332 1.332
-0.759218 1.325 1.325
-0.741765 1.316 1.316
-0.724312 1.307 1.307
-0.706858 1.298 1.298
-0.689405 1.288 1.288
-0.671952 1.279 1.279
-0.654498 1.271 1.271
-0.637045 1.266 1.266
-0.619592 1.257 1.258
-0.602139 1.258 1.257
-0.584685 1.251 1.251
-0.567232 1.244 1.246
-0.549779 1.246 1.244
-0.532325 1.239 1.24
-0.514872 1.234 1.239
-0.497419 1.24 1.239
-0.479966 1.237 1.237
-0.462512 1.241 1.237
-0.445059 1.235 1.235
-0.427606 1.229 1.235
-0.410152 1.235 1.235
-0.392699 1.235 1.229
-0.375246 1.228 1.233
-0.357792 1.226 1.23
-0.340339 1.233 1.23
-0.322886 1.23 1.233
-0.305433 1.237 1.237
-0.287979 1.244 1.239
-0.270526 1.239 1.239
-0.253073 1.24 1.239
-0.235619 1.232 1.239
-0.218166 1.238 1.24
-0.200713 1.246 1.245
-0.18326 1.245 1.246
-0.165806 1.253 1.253
-0.148353 1.26 1.258
-0.1309 1.258 1.26
-0.113446 1.272 1.27
-0.095993 1.27 1.272
-0.0785398 7.969 7.941
-0.0610865 7.96 7.941
-0.0436332 7.941 7.941
-0.0261799 7.923 7.923
-0.0087266 7.914 7.914
0.00872672 7.905 7.906
0.0261799 7.906 7.905
0.0436332 7.905 7.905
0.0610865 7.905 7.906
0.0785398 7.914 7.914
0.0959932 7.923 7.923
0.113446 7.923 7.923
0.1309 7.932 7.932
0.148353 7.96 7.96
0.165806 8.002 8.002
0.18326 8.189 8.082
0.200713 8.082 8.183
0.218166 8.187 8.183
0.235619 8.183 8.183
0.253073 8.183 8.183
0.270526 8.183 8.183
0.287979 8.183 8.183
0.305433 8.183 8.183
0.322886 8.183 8.183
0.340339 8.183 8.183
0.357792 7.949 7.949
0.375246 7.542 7.542
0.392699 7.178 7.178
0.410152 1.56 1.56
0.427606 1.498 1.498
0.445059 1.442 1.442
0.462512 1.381 1.381
0.479965 1.337 1.35
0.497419 1.338 1.35
0.514872 1.35 1.35
0.532326 1.359 1.359
0.549779 1.376 1.376
0.567232 1.393 1.393
0.584685 1.401 1.401
0.602139 1.422 1.422
0.619592 4.42 4.202
0.637045 4.302 4.202
0.654499 4.202 4.202
0.671952 4.088 4.088
0.689405 4.028 4.028
0.706858 3.94 3.94
0.724312 3.854 3.854
0.741765 3.777 3.777
0.759218 3.707 3.707
0.776671 3.628 3.628
0.794125 3.564 3.564
0.811578 3.499 3.499
0.829031 3.432 3.432
0.846485 3.367 3.367
0.863938 3.312 3.312
0.881391 3.258 3.258
0.898844 3.214 3.214
0.916298 3.16 3.16
0.933751 3.115 3.115
0.951205 3.069 3.069
0.968658 3 3
0.986111 2.952 2.952
1.00356 2.917 2.917
1.02102 2.884 2.884
1.03847 2.851 2.851
1.05592 2.815 2.815
1.07338 2.79 2.79
1.09083 2.764 2.764
1.10828 2.728 2.728
1.12574 2.702 2.702
1.14319 2.684 2.684
1.16064 2.657 2.657
1.1781 2.629 2.629
1.19555 2.611 2.611
1.213 2.591 2.591
1.23046 2.571 2.571
1.24791 2.553 2.553
1.26536 2.544 2.544
1.28282 2.515 2.533
1.30027 2.533 2.524
1.31772 2.524 2.515
1.33518 2.514 2.514
1.35263 2.504 2.504
1.37008 2.485 2.485
1.38754 2.477 2.477
1.40499 2.466 2.466
1.42244 2.458 2.458
1.4399 2.449 2.449
1.45735 2.448 2.448
1.4748 2.439 2.439
1.49226 2.429 2.429
1.50971 2.429 2.429
1.52716 2.421 2.421
1.54462 2.421 2.421
1.56207 2.41 2.421

-1.56207 1.119 1.119
-1.54462 1.119 1.119
-1.52716 1.119 1.119
-1.50971 1.119 1.119
-1.49226 1.119 1.119
-1.4748 1.122 1.121
-1.45735 1.121 1.122
-1.4399 1.122 1.122
-1.42244 1.128 1.126
-1.40499 1.135 1.128
-1.38754 1.126 1.135
-1.37008 1.135 1.135
-1.35263 1.135 1.135
-1.33518 1.135 1.135
-1.31772 1.144 1.143
-1.30027 1.143 1.144
-1.28282 1.15 1.15
-1.26536 1.152 1.152
-1.24791 1.161 1.161
-1.23046 1.167 1.167
-1.213 1.176 1.176
-1.19555 1.186 1.186
-1.1781 1.195 1.195
-1.16064 1.195 1.195
-1.14319 1.205 1.205
-1.12574 1.214 1.214
-1.10828 1.222 1.222
-1.09083 1.231 1.231
-1.07338 1.25 1.25
-1.05592 1.258 1.258
-1.03847 1.276 1.276
-1.02102 1.285 1.285
-1.00356 1.293 1.293
-0.986111 1.303 1.303
-0.968658 1.318 1.318
-0.951204 1.337 1.337
-0.933751 1.354 1.354
-0.916298 1.363 1.363
-0.898845 1.381 1.381
-0.881391 1.398 1.381
-0.863938 1.395 1.381
-0.846485 1.372 1.372
-0.829031 1.354 1.354
-0.811578 1.348 1.348
-0.794125 1.34 1.34
-0.776671 1.332 1.332
-0.759218 1.325 1.325
-0.741765 1.316 1.316
-0.724312 1.307 1.307
-0.706858 1.298 1.298
-0.689405 1.288 1.288
-0.671952 1.279 1.279
-0.654498 1.271 1.271
-0.637045 1.266 1.266
-0.619592 1.257 1.258
-0.602139 1.258 1.257
-0.584685 1.251 1.251
-0.567232 1.244 1.246
-0.549779 1.246 1.244
-0.532325 1.239 1.24
-0.514872 1.234 1.239
-0.497419 1.24 1.239
-0.479966 1.237 1.237
-0.462512 1.241 1.237
-0.445059 1.235 1.235
-0.427606 1.229 1.235
-0.410152 1.235 1.235
-0.392699 1.235 1.229
-0.375246 1.228 1.233
-0.357792 1.226 1.23
-0.340339 1.233 1.23
-0.322886 1.23 1.233
-0.305433 1.237 1.237
-0.287979 1.244 1.239
-0.270526 1.239 1.239
-0.253073 1.24 1.239
-0.235619 1.232 1.239
-0.218166 1.238 1.24
-0.200713 1.246 1.245
-0.18326 1.245 1.246
-0.165806 1.253 1.253
-0.148353 1.26 1.258
-0.1309 1.258 1.26
-0.113446 1.272 1.27
-0.095993 1.27 1.272
-0.0785398 7.969 7.941
-0.0610865 7.96 7.941
-0.0436332 7.941 7.941
-0.0261799 7.923 7.923
-0.0087266 7.914 7.914
0.00872672 7.905 7.906
0.0261799 7.906 7.905
0.0436332 7.905 7.905
0.0610865 7.905 7.906
0.0785398 7.914 7.914
0.0959932 7.923 7.923
0.113446 7.923 7.923
0.1309 7.932 7.932
0.148353 7.96 7.96
0.165806 8.002 8.002
0.18326 8.189 8.082
0.200713 8.082 8.183
0.218166 8.187 8.183
0.235619 8.183 8.183
0.253073 8.183 8.183
0.270526 8.183 8.183
0.287979 8.183 8.183
0.305433 8.183 8.183
0.322886 8.183 8.183
0.340339 8.183 8.183
0.357792 7.949 7.949
0.375246 7.542 7.542
0.392699 7.178 7.178
0.410152 1.56 1.56
0.427606 1.498 1.498
0.445059 1.442 1.442
0.462512 1.381 1.381
0.479965 1.337 1.35
0.497419 1.338 1.35
0.514872 1.35 1.35
0.532326 1.359 1.359
0.549779 1.376 1.376
0.567232 1.393 1.393
0.584685 1.401 1.401
0.602139 1.422 1.422
0.619592 4.42 4.202
0.637045 4.302 4.202
0.654499 4.202 4.202
0.671952 4.088 4.088
0.689405 4.028 4.028
0.706858 3.94 3.94
0.724312 3.854 3.854
0.741765 3.777 3.777
0.759218 3.707 3.707
0.776671 3.628 3.628
0.794125 3.564 3.564
0.811578 3.499 3.499
0.829031 3.432 3.432
0.846485 3.367 3.367
0.863938 3.312 3.312
0.881391 3.258 3.258
0.898844 3.214 3.214
0.916298 3.16 3.16
0.933751 3.115 3.115
0.951205 3.069 3.069
0.968658 3 3
0.986111 2.952 2.952
1.00356 2.917 2.917
1.02102 2.884 2.884
1.03847 2.851 2.851
1.05592 2.815 2.815
1.07338 2.79 2.79
1.09083 2.764 2.764
1.10828 2.728 2.728
1.12574 2.702 2.702
1.14319 2.684 2.684
1.16064 2.657 2.657
1.1781 2.629 2.629
1.19555 2.611 2.611
1.213 2.591 2.591
1.23046 2.571 2.571
1.24791 2.553 2.553
1.26536 2.544 2.544
1.28282 2.515 2.533
1.30027 2.533 2.524
1.31772 2.524 2.515
1.33518 2.514 2.514
1.35263 2.504 2.504
1.37008 2.485 2.485
1.38754 2.477 2.477
1.40499 2.466 2.466
1.42244 2.458 2.458
1.4399 2.449 2.449
1.45735 2.448 2.448
1.4748 2.439 2.439
1.49226 2.429 2.429
1.50971 2.429 2.429
1.52716 2.421 2.421
1.54462 2.421 2.421
1.56207 2.41 2.421

