-1.5708 1.154 1.154
-1.55334 1.154 1.155
-1.53589 1.156 1.155
-1.51844 1.155 1.156
-1.50098 1.164 1.164
-1.48353 1.165 1.165
-1.46608 1.167 1.165
-1.44862 1.165 1.167
-1.43117 1.184 1.182
-1.41372 1.182 1.182
-1.39626 1.184 1.182
-1.37881 1.149 1.149
-1.36136 1.119 1.119
-1.3439 1.093 1.093
-1.32645 1.075 1.075
-1.309 1.052 1.052
-1.29154 1.035 1.035
-1.27409 1.016 1.016
-1.25664 1.002 1.002
-1.23918 0.986 0.986
-1.22173 0.976 0.976
-1.20428 0.952 0.952
-1.18682 0.946 0.946
-1.16937 0.939 0.939
-1.15192 0.923 0.923
-1.13446 0.907 0.907
-1.11701 0.898 0.898
-1.09956 0.89 0.89
-1.0821 0.882 0.882
-1.06465 0.865 0.865
-1.0472 0.864 0.864
-1.02974 0.848 0.848
-1.01229 0.847 0.847
-0.994838 0.839 0.839
-0.977384 0.831 0.831
-0.959931 0.821 0.821
-0.942478 0.814 0.814
-0.925025 0.814 0.814
-0.907571 0.804 0.804
-0.890118 0.796 0.796
-0.872665 0.796 0.796
-0.855211 0.788 0.788
-0.837758 0.782 0.784
-0.820305 0.784 0.782
-0.802851 0.778 0.78
-0.785398 0.78 0.778
-0.767945 0.773 0.774
-0.750492 0.774 0.773
-0.733038 0.77 0.771
-0.715585 0.771 0.77
-0.698132 0.764 0.768
-0.680678 0.765 0.765
-0.663225 0.768 0.764
-0.645772 0.76 0.76
-0.628319 0.754 0.757
-0.610865 0.757 0.754
-0.593412 0.751 0.754
-0.575959 0.753 0.753
-0.558505 0.756 0.751
-0.541052 0.749 0.751
-0.523599 0.75 0.75
-0.506145 0.751 0.75
-0.488692 0.749 0.751
-0.471239 0.755 0.753
-0.453786 0.753 0.754
-0.436332 0.758 0.755
-0.418879 0.754 0.758
-0.401426 0.758 0.758
-0.383973 0.759 0.759
-0.366519 4.266 4.266
-0.349066 4.542 4.542
-0.331613 4.85 4.85
-0.314159 5.212 5.212
-0.296706 5.554 5.554
-0.279253 6.091 6.091
-0.261799 6.877 6.877
-0.244346 7.455 7.426
-0.226893 7.442 7.426
-0.20944 7.426 7.426
-0.191986 7.407 7.407
-0.174533 7.39 7.39
-0.15708 7.382 7.382
-0.139626 7.381 7.382
-0.122173 7.374 7.381
-0.10472 7.382 7.374
-0.0872666 7.373 7.374
-0.0698133 7.374 7.382
-0.0523599 7.391 7.391
-0.0349066 7.391 7.391
-0.0174533 7.4 7.4
0 7.408 7.408
0.0174532 7.475 7.475
0.0349065 8.187 7.526
0.0523598 8.189 8.183
0.0698131 7.526 8.183
0.0872664 8.183 8.183
0.10472 8.183 8.183
0.122173 8.183 8.183
0.139626 8.183 8.183
0.15708 8.183 8.183
0.174533 8.183 8.183
0.191986 7.874 7.874
0.209439 7.784 7.784
0.226893 7.467 7.467
0.244346 7.113 7.113
0.261799 6.775 6.775
0.279253 6.403 6.403
0.296706 6.132 6.132
0.314159 5.882 5.882
0.331612 5.643 5.643
0.349066 5.507 5.507
0.366519 5.314 5.314
0.383972 5.142 5.142
0.401426 1.104 1.104
0.418879 1.079 1.079
0.436332 1.043 1.043
0.453786 1.021 1.021
0.471239 0.986 0.986
0.488692 0.969 0.969
0.506145 0.943 0.943
0.523599 0.919 0.919
0.541052 0.9 0.9
0.558505 0.879 0.879
0.575959 0.859 0.879
0.593412 0.859 0.879
0.610865 0.886 0.886
0.628318 0.898 0.898
0.645772 0.914 0.914
0.663225 0.92 0.92
0.680678 0.938 0.938
0.698132 0.964 0.964
0.715585 0.972 0.972
0.733038 0.983 0.983
0.750491 3.178 3.089
0.767945 3.135 3.089
0.785398 3.089 3.089
0.802851 3.043 3.043
0.820305 3.001 3.001
0.837758 2.965 2.965
0.855211 2.922 2.922
0.872665 2.888 2.888
0.890118 2.861 2.861
0.907571 2.818 2.818
0.925024 2.792 2.792
0.942478 2.763 2.763
0.959931 2.737 2.737
0.977384 2.678 2.678
0.994838 2.647 2.647
1.01229 2.622 2.622
1.02974 2.604 2.604
1.0472 2.586 2.586
1.06465 2.568 2.568
1.0821 2.54 2.54
1.09956 2.529 2.529
1.11701 2.511 2.511
1.13446 2.5 2.5
1.15192 2.481 2.481
1.16937 2.463 2.463
1.18682 2.454 2.454
1.20428 2.444 2.444
1.22173 2.435 2.435
1.23918 2.425 2.425
1.25664 2.416 2.416
1.27409 2.397 2.397
1.29154 2.389 2.391
1.309 2.391 2.389
1.32645 2.381 2.389
1.3439 2.38 2.391
1.36136 2.402 2.393
1.37881 2.402 2.393
1.39626 2.393 2.393
1.41372 2.392 2.392
1.43117 2.384 2.385
1.44862 2.384 2.384
1.46608 2.385 2.384
1.48353 2.384 2.385
1.50098 2.385 2.385
1.51844 2.385 2.385
1.53589 2.394 2.393
1.55334 2.393 2.394
1.5708 2.403 2.394

-1.5708 1.154 1.154
-1.55334 1.154 1.155
-1.53589 1.156 1.155
-1.51844 1.155 1.156
-1.50098 1.164 1.164
-1.48353 1.165 1.165
-1.46608 1.167 1.165
-1.44862 1.165 1.167
-1.43117 1.184 1.182
-1.41372 1.182 1.182
-1.39626 1.184 1.182
-1.37881 1.149 1.149
-1.36136 1.119 1.119
-1.3439 1.093 1.093
-1.32645 1.075 1.075
-1.309 1.052 1.052
-1.29154 1.035 1.035
-1.27409 1.016 1.016
-1.25664 1.002 1.002
-1.23918 0.986 0.986
-1.22173 0.976 0.976
-1.20428 0.952 0.952
-1.18682 0.946 0.946
-1.16937 0.939 0.939
-1.15192 0.923 0.923
-1.13446 0.907 0.907
-1.11701 0.898 0.898
-1.09956 0.89 0.89
-1.0821 0.882 0.882
-1.06465 0.865 0.865
-1.0472 0.864 0.864
-1.02974 0.848 0.848
-1.01229 0.847 0.847
-0.994838 0.839 0.839
-0.977384 0.831 0.831
-0.959931 0.821 0.821
-0.942478 0.814 0.814
-0.925025 0.814 0.814
-0.907571 0.804 0.804
-0.890118 0.796 0.796
-0.872665 0.796 0.796
-0.855211 0.788 0.788
-0.837758 0.782 0.784
-0.820305 0.784 0.782
-0.802851 0.778 0.78
-0.785398 0.78 0.778
-0.767945 0.773 0.774
-0.750492 0.774 0.773
-0.733038 0.77 0.771
-0.715585 0.771 0.77
-0.698132 0.764 0.768
-0.680678 0.765 0.765
-0.663225 0.768 0.764
-0.645772 0.76 0.76
-0.628319 0.754 0.757
-0.610865 0.757 0.754
-0.593412 0.751 0.754
-0.575959 0.753 0.753
-0.558505 0.756 0.751
-0.541052 0.749 0.751
-0.523599 0.75 0.75
-0.506145 0.751 0.75
-0.488692 0.749 0.751
-0.471239 0.755 0.753
-0.453786 0.753 0.754
-0.436332 0.758 0.755
-0.418879 0.754 0.758
-0.401426 0.758 0.758
-0.383973 0.759 0.759
-0.366519 4.266 4.266
-0.349066 4.542 4.542
-0.331613 4.85 4.85
-0.314159 5.212 5.212
-0.296706 5.554 5.554
-0.279253 6.091 6.091
-0.261799 6.877 6.877
-0.244346 7.455 7.426
-0.226893 7.442 7.426
-0.20944 7.426 7.426
-0.191986 7.407 7.407
-0.174533 7.39 7.39
-0.15708 7.382 7.382
-0.139626 7.381 7.382
-0.122173 7.374 7.381
-0.10472 7.382 7.374
-0.0872666 7.373 7.374
-0.0698133 7.374 7.382
-0.0523599 7.391 7.391
-0.0349066 7.391 7.391
-0.0174533 7.4 7.4
0 7.408 7.408
0.0174532 7.475 7.475
0.0349065 8.187 7.526
0.0523598 8.189 8.183
0.0698131 7.526 8.183
0.0872664 8.183 8.183
0.10472 8.183 8.183
0.122173 8.183 8.183
0.139626 8.183 8.183
0.15708 8.183 8.183
0.174533 8.183 8.183
0.191986 7.874 7.874
0.209439 7.784 7.784
0.226893 7.467 7.467
0.244346 7.113 7.113
0.261799 6.775 6.775
0.279253 6.403 6.403
0.296706 6.132 6.132
0.314159 5.882 5.882
0.331612 5.643 5.643
0.349066 5.507 5.507
0.366519 5.314 5.314
0.383972 5.142 5.142
0.401426 1.104 1.104
0.418879 1.079 1.079
0.436332 1.043 1.043
0.453786 1.021 1.021
0.471239 0.986 0.986
0.488692 0.969 0.969
0.506145 0.943 0.943
0.523599 0.919 0.919
0.541052 0.9 0.9
0.558505 0.879 0.879
0.575959 0.859 0.879
0.593412 0.859 0.879
0.610865 0.886 0.886
0.628318 0.898 0.898
0.645772 0.914 0.914
0.663225 0.92 0.92
0.680678 0.938 0.938
0.698132 0.964 0.964
0.715585 0.972 0.972
0.733038 0.983 0.983
0.750491 3.178 3.089
0.767945 3.135 3.089
0.785398 3.089 3.089
0.802851 3.043 3.043
0.820305 3.001 3.001
0.837758 2.965 2.965
0.855211 2.922 2.922
0.872665 2.888 2.888
0.890118 2.861 2.861
0.907571 2.818 2.818
0.925024 2.792 2.792
0.942478 2.763 2.763
0.959931 2.737 2.737
0.977384 2.678 2.678
0.994838 2.647 2.647
1.01229 2.622 2.622
1.02974 2.604 2.604
1.0472 2.586 2.586
1.06465 2.568 2.568
1.0821 2.54 2.54
1.09956 2.529 2.529
1.11701 2.511 2.511
1.13446 2.5 2.5
1.15192 2.481 2.481
1.16937 2.463 2.463
1.18682 2.454 2.454
1.20428 2.444 2.444
1.22173 2.435 2.435
1.23918 2.425 2.425
1.25664 2.416 2.416
1.27409 2.397 2.397
1.29154 2.389 2.391
1.309 2.391 2.389
1.32645 2.381 2.389
1.3439 2.38 2.391
1.36136 2.402 2.393
1.37881 2.402 2.393
1.39626 2.393 2.393
1.41372 2.392 2.392
1.43117 2.384 2.385
1.44862 2.384 2.384
1.46608 2.385 2.384
1.48353 2.384 2.385
1.50098 2.385 2.385
1.51844 2.385 2.385
1.53589 2.394 2.393
1.55334 2.393 2.394
1.5708 2.403 2.394

-1.5708 1.154 1.154
-1.55334 1.154 1.155
-1.53589 1.156 1.155
-1.51844 1.155 1.156
-1.50098 1.164 1.164
-1.48353 1.165 1.165
-1.46608 1.167 1.165
-1.44862 1.165 1.167
-1.43117 1.184 1.182
-1.41372 1.182 1.182
-1.39626 1.184 1.182
-1.37881 1.149 1.149
-1.36136 1.119 1.119
-1.3439 1.093 1.093
-1.32645 1.075 1.075
-1.309 1.052 1.052
-1.29154 1.035 1.035
-1.27409 1.016 1.016
-1.25664 1.002 1.002
-1.23918 0.986 0.986
-1.22173 0.976 0.976
-1.20428 0.952 0.952
-1.18682 0.946 0.946
-1.16937 0.939 0.939
-1.15192 0.923 0.923
-1.13446 0.907 0.907
-1.11701 0.898 0.898
-1.09956 0.89 0.89
-1.0821 0.882 0.882
-1.06465 0.865 0.865
-1.0472 0.864 0.864
-1.02974 0.848 0.848
-1.01229 0.847 0.847
-0.994838 0.839 0.839
-0.977384 0.831 0.831
-0.959931 0.821 0.821
-0.942478 0.814 0.814
-0.925025 0.814 0.814
-0.907571 0.804 0.804
-0.890118 0.796 0.796
-0.872665 0.796 0.796
-0.855211 0.788 0.788
-0.837758 0.782 0.784
-0.820305 0.784 0.782
-0.802851 0.778 0.78
-0.785398 0.78 0.778
-0.767945 0.773 0.774
-0.750492 0.774 0.773
-0.733038 0.77 0.771
-0.715585 0.771 0.77
-0.698132 0.764 0.768
-0.680678 0.765 0.765
-0.663225 0.768 0.764
-0.645772 0.76 0.76
-0.628319 0.754 0.757
-0.610865 0.757 0.754
-0.593412 0.751 0.754
-0.575959 0.753 0.753
-0.558505 0.756 0.751
-0.541052 0.749 0.751
-0.523599 0.75 0.75
-0.506145 0.751 0.75
-0.488692 0.749 0.751
-0.471239 0.755 0.753
-0.453786 0.753 0.754
-0.436332 0.758 0.755
-0.418879 0.754 0.758
-0.401426 0.758 0.758
-0.383973 0.759 0.759
-0.366519 4.266 4.266
-0.349066 4.542 4.542
-0.331613 4.85 4.85
-0.314159 5.212 5.212
-0.296706 5.554 5.554
-0.279253 6.091 6.091
-0.261799 6.877 6.877
-0.244346 7.455 7.426
-0.226893 7.442 7.426
-0.20944 7.426 7.426
-0.191986 7.407 7.407
-0.174533 7.39 7.39
-0.15708 7.382 7.382
-0.139626 7.381 7.382
-0.122173 7.374 7.381
-0.10472 7.382 7.374
-0.0872666 7.373 7.374
-0.0698133 7.374 7.382
-0.0523599 7.391 7.391
-0.0349066 7.391 7.391
-0.0174533 7.4 7.4
0 7.408 7.408
0.0174532 7.475 7.475
0.0349065 8.187 7.526
0.0523598 8.189 8.183
0.0698131 7.526 8.183
0.0872664 8.183 8.183
0.10472 8.183 8.183
0.122173 8.183 8.183
0.139626 8.183 8.183
0.15708 8.183 8.183
0.174533 8.183 8.183
0.191986 7.874 7.874
0.209439 7.784 7.784
0.226893 7.467 7.467
0.244346 7.113 7.113
0.261799 6.775 6.775
0.279253 6.403 6.403
0.296706 6.132 6.132
0.314159 5.882 5.882
0.331612 5.643 5.643
0.349066 5.507 5.507
0.366519 5.314 5.314
0.383972 5.142 5.142
0.401426 1.104 1.104
0.418879 1.079 1.079
0.436332 1.043 1.043
0.453786 1.021 1.021
0.471239 0.986 0.986
0.488692 0.969 0.969
0.506145 0.943 0.943
0.523599 0.919 0.919
0.541052 0.9 0.9
0.558505 0.879 0.879
0.575959 0.859 0.879
0.593412 0.859 0.879
0.610865 0.886 0.886
0.628318 0.898 0.898
0.645772 0.914 0.914
0.663225 0.92 0.92
0.680678 0.938 0.938
0.698132 0.964 0.964
0.715585 0.972 0.972
0.733038 0.983 0.983
0.750491 3.178 3.089
0.767945 3.135 3.089
0.785398 3.089 3.089
0.802851 3.043 3.043
0.820305 3.001 3.001
0.837758 2.965 2.965
0.855211 2.922 2.922
0.872665 2.888 2.888
0.890118 2.861 2.861
0.907571 2.818 2.818
0.925024 2.792 2.792
0.942478 2.763 2.763
0.959931 2.737 2.737
0.977384 2.678 2.678
0.994838 2.647 2.647
1.01229 2.622 2.622
1.02974 2.604 2.604
1.0472 2.586 2.586
1.06465 2.568 2.568
1.0821 2.54 2.54
1.09956 2.529 2.529
1.11701 2.511 2.511
1.13446 2.5 2.5
1.15192 2.481 2.481
1.16937 2.463 2.463
1.18682 2.454 2.454
1.20428 2.444 2.444
1.22173 2.435 2.435
1.23918 2.425 2.425
1.25664 2.416 2.416
1.27409 2.397 2.397
1.29154 2.389 2.391
1.309 2.391 2.389
1.32645 2.381 2.389
1.3439 2.38 2.391
1.36136 2.402 2.393
1.37881 2.402 2.393
1.39626 2.393 2.393
1.41372 2.392 2.392
1.43117 2.384 2.385
1.44862 2.384 2.384
1.46608 2.385 2.384
1.48353 2.384 2.385
1.50098 2.385 2.385
1.51844 2.385 2.385
1.53589 2.394 2.393
1.55334 2.393 2.394
1.5708 2.403 2.394

-1.5708 1.154 1.154
-1.55334 1.154 1.155
-1.53589 1.156 1.155
-1.51844 1.155 1.156
-1.50098 1.164 1.164
-1.48353 1.165 1.165
-1.46608 1.167 1.165
-1.44862 1.165 1.167
-1.43117 1.184 1.182
-1.41372 1.182 1.182
-1.39626 1.184 1.182
-1.37881 1.149 1.149
-1.36136 1.119 1.119
-1.3439 1.093 1.093
-1.32645 1.075 1.075
-1.309 1.052 1.052
-1.29154 1.035 1.035
-1.27409 1.016 1.016
-1.25664 1.002 1.002
-1.23918 0.986 0.986
-1.22173 0.976 0.976
-1.20428 0.952 0.952
-1.18682 0.946 0.946
-1.16937 0.939 0.939
-1.15192 0.923 0.923
-1.13446 0.907 0.907
-1.11701 0.898 0.898
-1.09956 0.89 0.89
-1.0821 0.882 0.882
-1.06465 0.865 0.865
-1.0472 0.864 0.864
-1.02974 0.848 0.848
-1.01229 0.847 0.847
-0.994838 0.839 0.839
-0.977384 0.831 0.831
-0.959931 0.821 0.821
-0.942478 0.814 0.814
-0.925025 0.814 0.814
-0.907571 0.804 0.804
-0.890118 0.796 0.796
-0.872665 0.796 0.796
-0.855211 0.788 0.788
-0.837758 0.782 0.784
-0.820305 0.784 0.782
-0.802851 0.778 0.78
-0.785398 0.78 0.778
-0.767945 0.773 0.774
-0.750492 0.774 0.773
-0.733038 0.77 0.771
-0.715585 0.771 0.77
-0.698132 0.764 0.768
-0.680678 0.765 0.765
-0.663225 0.768 0.764
-0.645772 0.76 0.76
-0.628319 0.754 0.757
-0.610865 0.757 0.754
-0.593412 0.751 0.754
-0.575959 0.753 0.753
-0.558505 0.756 0.751
-0.541052 0.749 0.751
-0.523599 0.75 0.75
-0.506145 0.751 0.75
-0.488692 0.749 0.751
-0.471239 0.755 0.753
-0.453786 0.753 0.754
-0.436332 0.758 0.755
-0.418879 0.754 0.758
-0.401426 0.758 0.758
-0.383973 0.759 0.759
-0.366519 4.266 4.266
-0.349066 4.542 4.542
-0.331613 4.85 4.85
-0.314159 5.212 5.212
-0.296706 5.554 5.554
-0.279253 6.091 6.091
-0.261799 6.877 6.877
-0.244346 7.455 7.426
-0.226893 7.442 7.426
-0.20944 7.426 7.426
-0.191986 7.407 7.407
-0.174533 7.39 7.39
-0.15708 7.382 7.382
-0.139626 7.381 7.382
-0.122173 7.374 7.381
-0.10472 7.382 7.374
-0.0872666 7.373 7.374
-0.0698133 7.374 7.382
-0.0523599 7.391 7.391
-0.0349066 7.391 7.391
-0.0174533 7.4 7.4
0 7.408 7.408
0.0174532 7.475 7.475
0.0349065 8.187 7.526
0.0523598 8.189 8.183
0.0698131 7.526 8.183
0.0872664 8.183 8.183
0.10472 8.183 8.183
0.122173 8.183 8.183
0.139626 8.183 8.183
0.15708 8.183 8.183
0.174533 8.183 8.183
0.191986 7.874 7.874
0.209439 7.784 7.784
0.226893 7.467 7.467
0.244346 7.113 7.113
0.261799 6.775 6.775
0.279253 6.403 6.403
0.296706 6.132 6.132
0.314159 5.882 5.882
0.331612 5.643 5.643
0.349066 5.507 5.507
0.366519 5.314 5.314
0.383972 5.142 5.142
0.401426 1.104 1.104
0.418879 1.079 1.079
0.436332 1.043 1.043
0.453786 1.021 1.021
0.471239 0.986 0.986
0.488692 0.969 0.969
0.506145 0.943 0.943
0.523599 0.919 0.919
0.541052 0.9 0.9
0.558505 0.879 0.879
0.575959 0.859 0.879
0.593412 0.859 0.879
0.610865 0.886 0.886
0.628318 0.898 0.898
0.645772 0.914 0.914
0.663225 0.92 0.92
0.680678 0.938 0.938
0.698132 0.964 0.964
0.715585 0.972 0.972
0.733038 0.983 0.983
0.750491 3.178 3.089
0.767945 3.135 3.089
0.785398 3.089 3.089
0.802851 3.043 3.043
0.820305 3.001 3.001
0.837758 2.965 2.965
0.855211 2.922 2.922
0.872665 2.888 2.888
0.890118 2.861 2.861
0.907571 2.818 2.818
0.925024 2.792 2.792
0.942478 2.763 2.763
0.959931 2.737 2.737
0.977384 2.678 2.678
0.994838 2.647 2.647
1.01229 2.622 2.622
1.02974 2.604 2.604
1.0472 2.586 2.586
1.06465 2.568 2.568
1.0821 2.54 2.54
1.09956 2.529 2.529
1.11701 2.511 2.511
1.13446 2.5 2.5
1.15192 2.481 2.481
1.16937 2.463 2.463
1.18682 2.454 2.454
1.20428 2.444 2.444
1.22173 2.435 2.435
1.23918 2.425 2.425
1.25664 2.416 2.416
1.27409 2.397 2.397
1.29154 2.389 2.391
1.309 2.391 2.389
1.32645 2.381 2.389
1.3439 2.38 2.391
1.36136 2.402 2.393
1.37881 2.402 2.393
1.39626 2.393 2.393
1.41372 2.392 2.392
1.43117 2.384 2.385
1.44862 2.384 2.384
1.46608 2.385 2.384
1.48353 2.384 2.385
1.50098 2.385 2.385
1.51844 2.385 2.385
1.53589 2.394 2.393
1.55334 2.393 2.394
1.5708 2.403 2.394

-1.5708 1.154 1.154
-1.55334 1.154 1.155
-1.53589 1.156 1.155
-1.51844 1.155 1.156
-1.50098 1.164 1.164
-1.48353 1.165 1.165
-1.46608 1.167 1.165
-1.44862 1.165 1.167
-1.43117 1.184 1.182
-1.41372 1.182 1.182
-1.39626 1.184 1.182
-1.37881 1.149 1.149
-1.36136 1.119 1.119
-1.3439 1.093 1.093
-1.32645 1.075 1.075
-1.309 1.052 1.052
-1.29154 1.035 1.035
-1.27409 1.016 1.016
-1.25664 1.002 1.002
-1.23918 0.986 0.986
-1.22173 0.976 0.976
-1.20428 0.952 0.952
-1.18682 0.946 0.946
-1.16937 0.939 0.939
-1.15192 0.923 0.923
-1.13446 0.907 0.907
-1.11701 0.898 0.898
-1.09956 0.89 0.89
-1.0821 0.882 0.882
-1.06465 0.865 0.865
-1.0472 0.864 0.864
-1.02974 0.848 0.848
-1.01229 0.847 0.847
-0.994838 0.839 0.839
-0.977384 0.831 0.831
-0.959931 0.821 0.821
-0.942478 0.814 0.814
-0.925025 0.814 0.814
-0.907571 0.804 0.804
-0.890118 0.796 0.796
-0.872665 0.796 0.796
-0.855211 0.788 0.788
-0.837758 0.782 0.784
-0.820305 0.784 0.782
-0.802851 0.778 0.78
-0.785398 0.78 0.778
-0.767945 0.773 0.774
-0.750492 0.774 0.773
-0.733038 0.77 0.771
-0.715585 0.771 0.77
-0.698132 0.764 0.768
-0.680678 0.765 0.765
-0.663225 0.768 0.764
-0.645772 0.76 0.76
-0.628319 0.754 0.757
-0.610865 0.757 0.754
-0.593412 0.751 0.754
-0.575959 0.753 0.753
-0.558505 0.756 0.751
-0.541052 0.749 0.751
-0.523599 0.75 0.75
-0.506145 0.751 0.75
-0.488692 0.749 0.751
-0.471239 0.755 0.753
-0.453786 0.753 0.754
-0.436332 0.758 0.755
-0.418879 0.754 0.758
-0.401426 0.758 0.758
-0.383973 0.759 0.759
-0.366519 4.266 4.266
-0.349066 4.542 4.542
-0.331613 4.85 4.85
-0.314159 5.212 5.212
-0.296706 5.554 5.554
-0.279253 6.091 6.091
-0.261799 6.877 6.877
-0.244346 7.455 7.426
-0.226893 7.442 7.426
-0.20944 7.426 7.426
-0.191986 7.407 7.407
-0.174533 7.39 7.39
-0.15708 7.382 7.382
-0.139626 7.381 7.382
-0.122173 7.374 7.381
-0.10472 7.382 7.374
-0.0872666 7.373 7.374
-0.0698133 7.374 7.382
-0.0523599 7.391 7.391
-0.0349066 7.391 7.391
-0.0174533 7.4 7.4
0 7.408 7.408
0.0174532 7.475 7.475
0.0349065 8.187 7.526
0.0523598 8.189 8.183
0.0698131 7.526 8.183
0.0872664 8.183 8.183
0.10472 8.183 8.183
0.122173 8.183 8.183
0.139626 8.183 8.183
0.15708 8.183 8.183
0.174533 8.183 8.183
0.191986 7.874 7.874
0.209439 7.784 7.784
0.226893 7.467 7.467
0.244346 7.113 7.113
0.261799 6.775 6.775
0.279253 6.403 6.403
0.296706 6.132 6.132
0.314159 5.882 5.882
0.331612 5.643 5.643
0.349066 5.507 5.507
0.366519 5.314 5.314
0.383972 5.142 5.142
0.401426 1.104 1.104
0.418879 1.079 1.079
0.436332 1.043 1.043
0.453786 1.021 1.021
0.471239 0.986 0.986
0.488692 0.969 0.969
0.506145 0.943 0.943
0.523599 0.919 0.919
0.541052 0.9 0.9
0.558505 0.879 0.879
0.575959 0.859 0.879
0.593412 0.859 0.879
0.610865 0.886 0.886
0.628318 0.898 0.898
0.645772 0.914 0.914
0.663225 0.92 0.92
0.680678 0.938 0.938
0.698132 0.964 0.964
0.715585 0.972 0.972
0.733038 0.983 0.983
0.750491 3.178 3.089
0.767945 3.135 3.089
0.785398 3.089 3.089
0.802851 3.043 3.043
0.820305 3.001 3.001
0.837758 2.965 2.965
0.855211 2.922 2.922
0.872665 2.888 2.888
0.890118 2.861 2.861
0.907571 2.818 2.818
0.925024 2.792 2.792
0.942478 2.763 2.763
0.959931 2.737 2.737
0.977384 2.678 2.678
0.994838 2.647 2.647
1.01229 2.622 2.622
1.02974 2.604 2.604
1.0472 2.586 2.586
1.06465 2.568 2.568
1.0821 2.54 2.54
1.09956 2.529 2.529
1.11701 2.511 2.511
1.13446 2.5 2.5
1.15192 2.481 2.481
1.16937 2.463 2.463
1.18682 2.454 2.454
1.20428 2.444 2.444
1.22173 2.435 2.435
1.23918 2.425 2.425
1.25664 2.416 2.416
1.27409 2.397 2.397
1.29154 2.389 2.391
1.309 2.391 2.389
1.32645 2.381 2.389
1.3439 2.38 2.391
1.36136 2.402 2.393
1.37881 2.402 2.393
1.39626 2.393 2.393
1.41372 2.392 2.392
1.43117 2.384 2.385
1.44862 2.384 2.384
1.46608 2.385 2.384
1.48353 2.384 2.385
1.50098 2.385 2.385
1.51844 2.385 2.385
1.53589 2.394 2.393
1.55334 2.393 2.394
1.5708 2.403 2.394

-1.5708 1.154 1.154
-1.55334 1.154 1.155
-1.53589 1.156 1.155
-1.51844 1.155 1.156
-1.50098 1.164 1.164
-1.48353 1.165 1.165
-1.46608 1.167 1.165
-1.44862 1.165 1.167
-1.43117 1.184 1.182
-1.41372 1.182 1.182
-1.39626 1.184 1.182
-1.37881 1.149 1.149
-1.36136 1.119 1.119
-1.3439 1.093 1.093
-1.32645 1.075 1.075
-1.309 1.052 1.052
-1.29154 1.035 1.035
-1.27409 1.016 1.016
-1.25664 1.002 1.002
-1.23918 0.986 0.986
-1.22173 0.976 0.976
-1.20428 0.952 0.952
-1.18682 0.946 0.946
-1.16937 0.939 0.939
-1.15192 0.923 0.923
-1.13446 0.907 0.907
-1.11701 0.898 0.898
-1.09956 0.89 0.89
-1.0821 0.882 0.882
-1.06465 0.865 0.865
-1.0472 0.864 0.864
-1.02974 0.848 0.848
-1.01229 0.847 0.847
-0.994838 0.839 0.839
-0.977384 0.831 0.831
-0.959931 0.821 0.821
-0.942478 0.814 0.814
-0.925025 0.814 0.814
-0.907571 0.804 0.804
-0.890118 0.796 0.796
-0.872665 0.796 0.796
-0.855211 0.788 0.788
-0.837758 0.782 0.784
-0.820305 0.784 0.782
-0.802851 0.778 0.78
-0.785398 0.78 0.778
-0.767945 0.773 0.774
-0.750492 0.774 0.773
-0.733038 0.77 0.771
-0.715585 0.771 0.77
-0.698132 0.764 0.768
-0.680678 0.765 0.765
-0.663225 0.768 0.764
-0.645772 0.76 0.76
-0.628319 0.754 0.757
-0.610865 0.757 0.754
-0.593412 0.751 0.754
-0.575959 0.753 0.753
-0.558505 0.756 0.751
-0.541052 0.749 0.751
-0.523599 0.75 0.75
-0.506145 0.751 0.75
-0.488692 0.749 0.751
-0.471239 0.755 0.753
-0.453786 0.753 0.754
-0.436332 0.758 0.755
-0.418879 0.754 0.758
-0.401426 0.758 0.758
-0.383973 0.759 0.759
-0.366519 4.266 4.266
-0.349066 4.542 4.542
-0.331613 4.85 4.85
-0.314159 5.212 5.212
-0.296706 5.554 5.554
-0.279253 6.091 6.091
-0.261799 6.877 6.877
-0.244346 7.455 7.426
-0.226893 7.442 7.426
-0.20944 7.426 7.426
-0.191986 7.407 7.407
-0.174533 7.39 7.39
-0.15708 7.382 7.382
-0.139626 7.381 7.382
-0.122173 7.374 7.381
-0.10472 7.382 7.374
-0.0872666 7.373 7.374
-0.0698133 7.374 7.382
-0.0523599 7.391 7.391
-0.0349066 7.391 7.391
-0.0174533 7.4 7.4
0 7.408 7.408
0.0174532 7.475 7.475
0.0349065 8.187 7.526
0.0523598 8.189 8.183
0.0698131 7.526 8.183
0.0872664 8.183 8.183
0.10472 8.183 8.183
0.122173 8.183 8.183
0.139626 8.183 8.183
0.15708 8.183 8.183
0.174533 8.183 8.183
0.191986 7.874 7.874
0.209439 7.784 7.784
0.226893 7.467 7.467
0.244346 7.113 7.113
0.261799 6.775 6.775
0.279253 6.403 6.403
0.296706 6.132 6.132
0.314159 5.882 5.882
0.331612 5.643 5.643
0.349066 5.507 5.507
0.366519 5.314 5.314
0.383972 5.142 5.142
0.401426 1.104 1.104
0.418879 1.079 1.079
0.436332 1.043 1.043
0.453786 1.021 1.021
0.471239 0.986 0.986
0.488692 0.969 0.969
0.506145 0.943 0.943
0.523599 0.919 0.919
0.541052 0.9 0.9
0.558505 0.879 0.879
0.575959 0.859 0.879
0.593412 0.859 0.879
0.610865 0.886 0.886
0.628318 0.898 0.898
0.645772 0.914 0.914
0.663225 0.92 0.92
0.680678 0.938 0.938
0.698132 0.964 0.964
0.715585 0.972 0.972
0.733038 0.983 0.983
0.750491 3.178 3.089
0.767945 3.135 3.089
0.785398 3.089 3.089
0.802851 3.043 3.043
0.820305 3.001 3.001
0.837758 2.965 2.965
0.855211 2.922 2.922
0.872665 2.888 2.888
0.890118 2.861 2.861
0.907571 2.818 2.818
0.925024 2.792 2.792
0.942478 2.763 2.763
0.959931 2.737 2.737
0.977384 2.678 2.678
0.994838 2.647 2.647
1.01229 2.622 2.622
1.02974 2.604 2.604
1.0472 2.586 2.586
1.06465 2.568 2.568
1.0821 2.54 2.54
1.09956 2.529 2.529
1.11701 2.511 2.511
1.13446 2.5 2.5
1.15192 2.481 2.481
1.16937 2.463 2.463
1.18682 2.454 2.454
1.20428 2.444 2.444
1.22173 2.435 2.435
1.23918 2.425 2.425
1.25664 2.416 2.416
1.27409 2.397 2.397
1.29154 2.389 2.391
1.309 2.391 2.389
1.32645 2.381 2.389
1.3439 2.38 2.391
1.36136 2.402 2.393
1.37881 2.402 2.393
1.39626 2.393 2.393
1.41372 2.392 2.392
1.43117 2.384 2.385
1.44862 2.384 2.384
1.46608 2.385 2.384
1.48353 2.384 2.385
1.50098 2.385 2.385
1.51844 2.385 2.385
1.53589 2.394 2.393
1.55334 2.393 2.394
1.5708 2.403 2.394

-1.5708 1.154 1.154
-1.55334 1.154 1.155
-1.53589 1.156 1.155
-1.51844 1.155 1.156
-1.50098 1.164 1.164
-1.48353 1.165 1.165
-1.46608 1.167 1.165
-1.44862 1.165 1.167
-1.43117 1.184 1.182
-1.41372 1.182 1.182
-1.39626 1.184 1.182
-1.37881 1.149 1.149
-1.36136 1.119 1.119
-1.3439 1.093 1.093
-1.32645 1.075 1.075
-1.309 1.052 1.052
-1.29154 1.035 1.035
-1.27409 1.016 1.016
-1.25664 1.002 1.002
-1.23918 0.986 0.986
-1.22173 0.976 0.976
-1.20428 0.952 0.952
-1.18682 0.946 0.946
-1.16937 0.939 0.939
-1.15192 0.923 0.923
-1.13446 0.907 0.907
-1.11701 0.898 0.898
-1.09956 0.89 0.89
-1.0821 0.882 0.882
-1.06465 0.865 0.865
-1.0472 0.864 0.864
-1.02974 0.848 0.848
-1.01229 0.847 0.847
-0.994838 0.839 0.839
-0.977384 0.831 0.831
-0.959931 0.821 0.821
-0.942478 0.814 0.814
-0.925025 0.814 0.814
-0.907571 0.804 0.804
-0.890118 0.796 0.796
-0.872665 0.796 0.796
-0.855211 0.788 0.788
-0.837758 0.782 0.784
-0.820305 0.784 0.782
-0.802851 0.778 0.78
-0.785398 0.78 0.778
-0.767945 0.773 0.774
-0.750492 0.774 0.773
-0.733038 0.77 0.771
-0.715585 0.771 0.77
-0.698132 0.764 0.768
-0.680678 0.765 0.765
-0.663225 0.768 0.764
-0.645772 0.76 0.76
-0.628319 0.754 0.757
-0.610865 0.757 0.754
-0.593412 0.751 0.754
-0.575959 0.753 0.753
-0.558505 0.756 0.751
-0.541052 0.749 0.751
-0.523599 0.75 0.75
-0.506145 0.751 0.75
-0.488692 0.749 0.751
-0.471239 0.755 0.753
-0.453786 0.753 0.754
-0.436332 0.758 0.755
-0.418879 0.754 0.758
-0.401426 0.758 0.758
-0.383973 0.759 0.759
-0.366519 4.266 4.266
-0.349066 4.542 4.542
-0.331613 4.85 4.85
-0.314159 5.212 5.212
-0.296706 5.554 5.554
-0.279253 6.091 6.091
-0.261799 6.877 6.877
-0.244346 7.455 7.426
-0.226893 7.442 7.426
-0.20944 7.426 7.426
-0.191986 7.407 7.407
-0.174533 7.39 7.39
-0.15708 7.382 7.382
-0.139626 7.381 7.382
-0.122173 7.374 7.381
-0.10472 7.382 7.374
-0.0872666 7.373 7.374
-0.0698133 7.374 7.382
-0.0523599 7.391 7.391
-0.0349066 7.391 7.391
-0.0174533 7.4 7.4
0 7.408 7.408
0.0174532 7.475 7.475
0.0349065 8.187 7.526
0.0523598 8.189 8.183
0.0698131 7.526 8.183
0.0872664 8.183 8.183
0.10472 8.183 8.183
0.122173 8.183 8.183
0.139626 8.183 8.183
0.15708 8.183 8.183
0.174533 8.183 8.183
0.191986 7.874 7.874
0.209439 7.784 7.784
0.226893 7.467 7.467
0.244346 7.113 7.113
0.261799 6.775 6.775
0.279253 6.403 6.403
0.296706 6.132 6.132
0.314159 5.882 5.882
0.331612 5.643 5.643
0.349066 5.507 5.507
0.366519 5.314 5.314
0.383972 5.142 5.142
0.401426 1.104 1.104
0.418879 1.079 1.079
0.436332 1.043 1.043
0.453786 1.021 1.021
0.471239 0.986 0.986
0.488692 0.969 0.969
0.506145 0.943 0.943
0.523599 0.919 0.919
0.541052 0.9 0.9
0.558505 0.879 0.879
0.575959 0.859 0.879
0.593412 0.859 0.879
0.610865 0.886 0.886
0.628318 0.898 0.898
0.645772 0.914 0.914
0.663225 0.92 0.92
0.680678 0.938 0.938
0.698132 0.964 0.964
0.715585 0.972 0.972
0.733038 0.983 0.983
0.750491 3.178 3.089
0.767945 3.135 3.089
0.785398 3.089 3.089
0.802851 3.043 3.043
0.820305 3.001 3.001
0.837758 2.965 2.965
0.855211 2.922 2.922
0.872665 2.888 2.888
0.890118 2.861 2.861
0.907571 2.818 2.818
0.925024 2.792 2.792
0.942478 2.763 2.763
0.959931 2.737 2.737
0.977384 2.678 2.678
0.994838 2.647 2.647
1.01229 2.622 2.622
1.02974 2.604 2.604
1.0472 2.586 2.586
1.06465 2.568 2.568
1.0821 2.54 2.54
1.09956 2.529 2.529
1.11701 2.511 2.511
1.13446 2.5 2.5
1.15192 2.481 2.481
1.16937 2.463 2.463
1.18682 2.454 2.454
1.20428 2.444 2.444
1.22173 2.435 2.435
1.23918 2.425 2.425
1.25664 2.416 2.416
1.27409 2.397 2.397
1.29154 2.389 2.391
1.309 2.391 2.389
1.32645 2.381 2.389
1.3439 2.38 2.391
1.36136 2.402 2.393
1.37881 2.402 2.393
1.39626 2.393 2.393
1.41372 2.392 2.392
1.43117 2.384 2.385
1.44862 2.384 2.384
1.46608 2.385 2.384
1.48353 2.384 2.385
1.50098 2.385 2.385
1.51844 2.385 2.385
1.53589 2.394 2.393
1.55334 2.393 2.394
1.5708 2.403 2.394

-1.5708 1.154 1.154
-1.55334 1.154 1.155
-1.53589 1.156 1.155
-1.51844 1.155 1.156
-1.50098 1.164 1.164
-1.48353 1.165 1.165
-1.46608 1.167 1.165
-1.44862 1.165 1.167
-1.43117 1.184 1.182
-1.41372 1.182 1.182
-1.39626 1.184 1.182
-1.37881 1.149 1.149
-1.36136 1.119 1.119
-1.3439 1.093 1.093
-1.32645 1.075 1.075
-1.309 1.052 1.052
-1.29154 1.035 1.035
-1.27409 1.016 1.016
-1.25664 1.002 1.002
-1.23918 0.986 0.986
-1.22173 0.976 0.976
-1.20428 0.952 0.952
-1.18682 0.946 0.946
-1.16937 0.939 0.939
-1.15192 0.923 0.923
-1.13446 0.907 0.907
-1.11701 0.898 0.898
-1.09956 0.89 0.89
-1.0821 0.882 0.882
-1.06465 0.865 0.865
-1.0472 0.864 0.864
-1.02974 0.848 0.848
-1.01229 0.847 0.847
-0.994838 0.839 0.839
-0.977384 0.831 0.831
-0.959931 0.821 0.821
-0.942478 0.814 0.814
-0.925025 0.814 0.814
-0.907571 0.804 0.804
-0.890118 0.796 0.796
-0.872665 0.796 0.796
-0.855211 0.788 0.788
-0.837758 0.782 0.784
-0.820305 0.784 0.782
-0.802851 0.778 0.78
-0.785398 0.78 0.778
-0.767945 0.773 0.774
-0.750492 0.774 0.773
-0.733038 0.77 0.771
-0.715585 0.771 0.77
-0.698132 0.764 0.768
-0.680678 0.765 0.765
-0.663225 0.768 0.764
-0.645772 0.76 0.76
-0.628319 0.754 0.757
-0.610865 0.757 0.754
-0.593412 0.751 0.754
-0.575959 0.753 0.753
-0.558505 0.756 0.751
-0.541052 0.749 0.751
-0.523599 0.75 0.75
-0.506145 0.751 0.75
-0.488692 0.749 0.751
-0.471239 0.755 0.753
-0.453786 0.753 0.754
-0.436332 0.758 0.755
-0.418879 0.754 0.758
-0.401426 0.758 0.758
-0.383973 0.759 0.759
-0.366519 4.266 4.266
-0.349066 4.542 4.542
-0.331613 4.85 4.85
-0.314159 5.212 5.212
-0.296706 5.554 5.554
-0.279253 6.091 6.091
-0.261799 6.877 6.877
-0.244346 7.455 7.426
-0.226893 7.442 7.426
-0.20944 7.426 7.426
-0.191986 7.407 7.407
-0.174533 7.39 7.39
-0.15708 7.382 7.382
-0.139626 7.381 7.382
-0.122173 7.374 7.381
-0.10472 7.382 7.374
-0.0872666 7.373 7.374
-0.0698133 7.374 7.382
-0.0523599 7.391 7.391
-0.0349066 7.391 7.391
-0.0174533 7.4 7.4
0 7.408 7.408
0.0174532 7.475 7.475
0.0349065 8.187 7.526
0.0523598 8.189 8.183
0.0698131 7.526 8.183
0.0872664 8.183 8.183
0.10472 8.183 8.183
0.122173 8.183 8.183
0.139626 8.183 8.183
0.15708 8.183 8.183
0.174533 8.183 8.183
0.191986 7.874 7.874
0.209439 7.784 7.784
0.226893 7.467 7.467
0.244346 7.113 7.113
0.261799 6.775 6.775
0.279253 6.403 6.403
0.296706 6.132 6.132
0.314159 5.882 5.882
0.331612 5.643 5.643
0.349066 5.507 5.507
0.366519 5.314 5.314
0.383972 5.142 5.142
0.401426 1.104 1.104
0.418879 1.079 1.079
0.436332 1.043 1.043
0.453786 1.021 1.021
0.471239 0.986 0.986
0.488692 0.969 0.969
0.506145 0.943 0.943
0.523599 0.919 0.919
0.541052 0.9 0.9
0.558505 0.879 0.879
0.575959 0.859 0.879
0.593412 0.859 0.879
0.610865 0.886 0.886
0.628318 0.898 0.898
0.645772 0.914 0.914
0.663225 0.92 0.92
0.680678 0.938 0.938
0.698132 0.964 0.964
0.715585 0.972 0.972
0.733038 0.983 0.983
0.750491 3.178 3.089
0.767945 3.135 3.089
0.785398 3.089 3.089
0.802851 3.043 3.043
0.820305 3.001 3.001
0.837758 2.965 2.965
0.855211 2.922 2.922
0.872665 2.888 2.888
0.890118 2.861 2.861
0.907571 2.818 2.818
0.925024 2.792 2.792
0.942478 2.763 2.763
0.959931 2.737 2.737
0.977384 2.678 2.678
0.994838 2.647 2.647
1.01229 2.622 2.622
1.02974 2.604 2.604
1.0472 2.586 2.586
1.06465 2.568 2.568
1.0821 2.54 2.54
1.09956 2.529 2.529
1.11701 2.511 2.511
1.13446 2.5 2.5
1.15192 2.481 2.481
1.16937 2.463 2.463
1.18682 2.454 2.454
1.20428 2.444 2.444
1.22173 2.435 2.435
1.23918 2.425 2.425
1.25664 2.416 2.416
1.27409 2.397 2.397
1.29154 2.389 2.391
1.309 2.391 2.389
1.32645 2.381 2.389
1.3439 2.38 2.391
1.36136 2.402 2.393
1.37881 2.402 2.393
1.39626 2.393 2.393
1.41372 2.392 2.392
1.43117 2.384 2.385
1.44862 2.384 2.384
1.46608 2.385 2.384
1.48353 2.384 2.385
1.50098 2.385 2.385
1.51844 2.385 2.385
1.53589 2.394 2.393
1.55334 2.393 2.394
1.5708 2.403 2.394

-1.5708 1.154 1.154
-1.55334 1.154 1.155
-1.53589 1.156 1.155
-1.51844 1.155 1.156
-1.50098 1.164 1.164
-1.48353 1.165 1.165
-1.46608 1.167 1.165
-1.44862 1.165 1.167
-1.43117 1.184 1.182
-1.41372 1.182 1.182
-1.39626 1.184 1.182
-1.37881 1.149 1.149
-1.36136 1.119 1.119
-1.3439 1.093 1.093
-1.32645 1.075 1.075
-1.309 1.052 1.052
-1.29154 1.035 1.035
-1.27409 1.016 1.016
-1.25664 1.002 1.002
-1.23918 0.986 0.986
-1.22173 0.976 0.976
-1.20428 0.952 0.952
-1.18682 0.946 0.946
-1.16937 0.939 0.939
-1.15192 0.923 0.923
-1.13446 0.907 0.907
-1.11701 0.898 0.898
-1.09956 0.89 0.89
-1.0821 0.882 0.882
-1.06465 0.865 0.865
-1.0472 0.864 0.864
-1.02974 0.848 0.848
-1.01229 0.847 0.847
-0.994838 0.839 0.839
-0.977384 0.831 0.831
-0.959931 0.821 0.821
-0.942478 0.814 0.814
-0.925025 0.814 0.814
-0.907571 0.804 0.804
-0.890118 0.796 0.796
-0.872665 0.796 0.796
-0.855211 0.788 0.788
-0.837758 0.782 0.784
-0.820305 0.784 0.782
-0.802851 0.778 0.78
-0.785398 0.78 0.778
-0.767945 0.773 0.774
-0.750492 0.774 0.773
-0.733038 0.77 0.771
-0.715585 0.771 0.77
-0.698132 0.764 0.768
-0.680678 0.765 0.765
-0.663225 0.768 0.764
-0.645772 0.76 0.76
-0.628319 0.754 0.757
-0.610865 0.757 0.754
-0.593412 0.751 0.754
-0.575959 0.753 0.753
-0.558505 0.756 0.751
-0.541052 0.749 0.751
-0.523599 0.75 0.75
-0.506145 0.751 0.75
-0.488692 0.749 0.751
-0.471239 0.755 0.753
-0.453786 0.753 0.754
-0.436332 0.758 0.755
-0.418879 0.754 0.758
-0.401426 0.758 0.758
-0.383973 0.759 0.759
-0.366519 4.266 4.266
-0.349066 4.542 4.542
-0.331613 4.85 4.85
-0.314159 5.212 5.212
-0.296706 5.554 5.554
-0.279253 6.091 6.091
-0.261799 6.877 6.877
-0.244346 7.455 7.426
-0.226893 7.442 7.426
-0.20944 7.426 7.426
-0.191986 7.407 7.407
-0.174533 7.39 7.39
-0.15708 7.382 7.382
-0.139626 7.381 7.382
-0.122173 7.374 7.381
-0.10472 7.382 7.374
-0.0872666 7.373 7.374
-0.0698133 7.374 7.382
-0.0523599 7.391 7.391
-0.0349066 7.391 7.391
-0.0174533 7.4 7.4
0 7.408 7.408
0.0174532 7.475 7.475
0.0349065 8.187 7.526
0.0523598 8.189 8.183
0.0698131 7.526 8.183
0.0872664 8.183 8.183
0.10472 8.183 8.183
0.122173 8.183 8.183
0.139626 8.183 8.183
0.15708 8.183 8.183
0.174533 8.183 8.183
0.191986 7.874 7.874
0.209439 7.784 7.784
0.226893 7.467 7.467
0.244346 7.113 7.113
0.261799 6.775 6.775
0.279253 6.403 6.403
0.296706 6.132 6.132
0.314159 5.882 5.882
0.331612 5.643 5.643
0.349066 5.507 5.507
0.366519 5.314 5.314
0.383972 5.142 5.142
0.401426 1.104 1.104
0.418879 1.079 1.079
0.436332 1.043 1.043
0.453786 1.021 1.021
0.471239 0.986 0.986
0.488692 0.969 0.969
0.506145 0.943 0.943
0.523599 0.919 0.919
0.541052 0.9 0.9
0.558505 0.879 0.879
0.575959 0.859 0.879
0.593412 0.859 0.879
0.610865 0.886 0.886
0.628318 0.898 0.898
0.645772 0.914 0.914
0.663225 0.92 0.92
0.680678 0.938 0.938
0.698132 0.964 0.964
0.715585 0.972 0.972
0.733038 0.983 0.983
0.750491 3.178 3.089
0.767945 3.135 3.089
0.785398 3.089 3.089
0.802851 3.043 3.043
0.820305 3.001 3.001
0.837758 2.965 2.965
0.855211 2.922 2.922
0.872665 2.888 2.888
0.890118 2.861 2.861
0.907571 2.818 2.818
0.925024 2.792 2.792
0.942478 2.763 2.763
0.959931 2.737 2.737
0.977384 2.678 2.678
0.994838 2.647 2.647
1.01229 2.622 2.622
1.02974 2.604 2.604
1.0472 2.586 2.586
1.06465 2.568 2.568
1.0821 2.54 2.54
1.09956 2.529 2.529
1.11701 2.511 2.511
1.13446 2.5 2.5
1.15192 2.481 2.481
1.16937 2.463 2.463
1.18682 2.454 2.454
1.20428 2.444 2.444
1.22173 2.435 2.435
1.23918 2.425 2.425
1.25664 2.416 2.416
1.27409 2.397 2.397
1.29154 2.389 2.391
1.309 2.391 2.389
1.32645 2.381 2.389
1.3439 2.38 2.391
1.36136 2.402 2.393
1.37881 2.402 2.393
1.39626 2.393 2.393
1.41372 2.392 2.392
1.43117 2.384 2.385
1.44862 2.384 2.384
1.46608 2.385 2.384
1.48353 2.384 2.385
1.50098 2.385 2.385
1.51844 2.385 2.385
1.53589 2.394 2.393
1.55334 2.393 2.394
1.5708 2.403 2.394

